# Probe 0 (-1 0 0)
# Probe 1 (1 0 0)
# Probe 2 (1.7 0 0)
# Time        0             1             2            
0             (0 0 0)       (0 0 0)       (0 0 0)      
1             (3.83904 0.0737429 0.0412899) (1.59842 -0.00471344 0.0216472) (5.02466 -0.0485784 -0.0476366)
2             (13.1328 -0.0310311 0.0852411) (5.34754 -0.0227743 0.0460123) (10.3539 -0.0568979 -0.0450624)
3             (28.2433 0.0336966 -0.0473351) (9.62793 -0.0406554 0.0832553) (20.7219 -0.110116 -0.204781)
4             (39.4714 0.110571 0.197156) (14.7709 -0.0478193 0.10595) (28.9972 -0.231034 -0.47286)
5             (38.9415 0.115919 0.375973) (15.4705 -0.0421116 0.098736) (28.8175 -0.319068 -0.644468)
6             (32.1715 0.0776247 0.237853) (14.2855 -0.0430428 0.109026) (24.7267 -0.320511 -0.597171)
7             (27.0331 0.00900616 -0.0872718) (13.6528 -0.057354 0.14601) (21.9933 -0.242955 -0.361707)
8             (27.1565 -0.038788 -0.321167) (14.1847 -0.0770172 0.189019) (22.8123 -0.167886 -0.171008)
9             (30.8177 -0.0360849 -0.341609) (15.0684 -0.0890381 0.20819) (25.6307 -0.151251 -0.155381)
10            (34.199 -0.00748028 -0.259271) (15.4481 -0.0889562 0.199492) (27.9573 -0.169545 -0.250592)
11            (35.0339 0.00527536 -0.220739) (15.1501 -0.0827302 0.181683) (28.7306 -0.181368 -0.361625)
12            (33.6328 -0.00952748 -0.243746) (14.5567 -0.0780383 0.171878) (28.4647 -0.177874 -0.441921)
13            (31.7498 -0.0368559 -0.280163) (14.1111 -0.0773936 0.169403) (28.1821 -0.173885 -0.496033)
14            (30.8834 -0.0594768 -0.287022) (13.9852 -0.0779354 0.162812) (28.408 -0.181187 -0.548612)
15            (31.3174 -0.0708936 -0.267245) (14.0618 -0.0757875 0.143808) (28.9103 -0.19651 -0.606958)
16            (32.2607 -0.075658 -0.24657) (14.1671 -0.0695752 0.114558) (29.1827 -0.209202 -0.657047)
17            (32.7812 -0.0785415 -0.246891) (14.2576 -0.0604085 0.0832613) (28.9975 -0.213162 -0.677827)
18            (32.5494 -0.0797468 -0.26565) (14.408 -0.05003 0.0546616) (28.5187 -0.211135 -0.666921)
19            (31.8801 -0.0783525 -0.284283) (14.6967 -0.0397976 0.029095) (28.0337 -0.210027 -0.640208)
20            (31.3368 -0.0733693 -0.287743) (15.1598 -0.0302562 0.00532356) (27.7034 -0.214238 -0.611361)
21            (31.1972 -0.0666565 -0.281369) (15.7638 -0.0212556 -0.0180162) (27.4822 -0.222959 -0.578068)
22            (31.3113 -0.060661 -0.280739) (16.4527 -0.0124835 -0.04021) (27.2495 -0.230843 -0.535007)
23            (31.4446 -0.0556704 -0.291041) (17.1855 -0.00394638 -0.0602591) (26.9594 -0.23314 -0.486227)
24            (31.4051 -0.052035 -0.304451) (17.9415 0.00371754 -0.0768306) (26.6263 -0.228579 -0.442657)
25            (31.197 -0.0489663 -0.309516) (18.7219 0.00974607 -0.0888558) (26.3247 -0.217887 -0.410314)
26            (30.9664 -0.0448647 -0.301947) (19.5348 0.0139062 -0.0956553) (26.1603 -0.202939 -0.386175)
27            (30.8247 -0.0388342 -0.284813) (20.3789 0.0164355 -0.0978006) (26.1666 -0.184437 -0.364829)
28            (30.7869 -0.0313184 -0.268181) (21.2304 0.0177894 -0.0962224) (26.321 -0.162238 -0.344111)
29            (30.7985 -0.0238116 -0.262245) (22.053 0.0183546 -0.0915605) (26.5898 -0.137174 -0.324245)
30            (30.801 -0.0180269 -0.266997) (22.8205 0.0181806 -0.083397) (26.9484 -0.110886 -0.306102)
31            (30.7695 -0.0147232 -0.275261) (23.53 0.0172451 -0.0710159) (27.3948 -0.084555 -0.292423)
32            (30.7252 -0.0131394 -0.278797) (24.1884 0.0157326 -0.0549116) (27.9366 -0.0585336 -0.286995)
33            (30.681 -0.0124006 -0.276724) (24.8001 0.0142082 -0.036228) (28.5628 -0.0322495 -0.292488)
34            (30.6443 -0.011809 -0.272757) (25.3694 0.0133274 -0.0162378) (29.24 -0.00471643 -0.311551)
35            (30.6124 -0.011368 -0.270672) (25.9009 0.0135968 0.00444421) (29.9165 0.024633 -0.346896)
36            (30.589 -0.0114821 -0.271359) (26.3923 0.0150557 0.0260033) (30.5058 0.0547695 -0.396826)
37            (30.5841 -0.0123046 -0.272212) (26.8457 0.0172679 0.0477477) (30.9391 0.0825886 -0.455026)
38            (30.5839 -0.0143428 -0.272662) (27.2794 0.0200706 0.0679533) (31.2188 0.101874 -0.508546)
39            (30.5901 -0.0169858 -0.271041) (27.7018 0.0231463 0.0863919) (31.3483 0.106817 -0.53535)
40            (30.5995 -0.0195101 -0.266949) (28.1142 0.0261409 0.103266) (31.3702 0.0958435 -0.519241)
41            (30.5999 -0.0215356 -0.262067) (28.5121 0.0287232 0.119017) (31.332 0.0735714 -0.462274)
42            (30.5798 -0.0231334 -0.257942) (28.8899 0.030431 0.133484) (31.2758 0.0476375 -0.383302)
43            (30.5568 -0.0242542 -0.25404) (29.2601 0.031475 0.145073) (31.2237 0.0247239 -0.307392)
44            (30.5429 -0.0250314 -0.250128) (29.6138 0.0314475 0.153954) (31.1545 0.00811619 -0.243009)
45            (30.5434 -0.0257487 -0.246502) (29.9591 0.0304918 0.159024) (31.0475 -0.00194928 -0.18702)
46            (30.5613 -0.0263358 -0.243087) (30.2891 0.0285887 0.16203) (30.891 -0.00705215 -0.128726)
47            (30.5794 -0.0268408 -0.240712) (30.6184 0.0258373 0.162474) (30.6913 -0.00958383 -0.0650893)
48            (30.5896 -0.0272356 -0.239509) (30.9291 0.0223293 0.160472) (30.4591 -0.0101438 0.00482749)
49            (30.5896 -0.0275462 -0.238447) (31.2014 0.018036 0.156264) (30.2113 -0.00955857 0.0779619)
50            (30.5832 -0.0277554 -0.236654) (31.4524 0.0131747 0.148808) (29.9338 -0.00818774 0.144317)
51            (30.5772 -0.0278547 -0.23364) (31.6657 0.00761394 0.138349) (29.6351 -0.00555395 0.200523)
52            (30.5762 -0.0278407 -0.22935) (31.8309 0.00146106 0.125158) (29.3145 -0.000943239 0.248147)
53            (30.5804 -0.0277349 -0.224522) (31.959 -0.00511321 0.108824) (28.9969 0.00568245 0.291457)
54            (30.5864 -0.0276058 -0.220282) (32.0638 -0.0121037 0.0881742) (28.7201 0.0132593 0.332805)
55            (30.5923 -0.027493 -0.21709) (32.1449 -0.0195245 0.0618009) (28.4947 0.0206318 0.374135)
56            (30.5975 -0.0273989 -0.214674) (32.2 -0.0272151 0.0293595) (28.3008 0.0273902 0.41658)
57            (30.6019 -0.0273248 -0.212633) (32.2316 -0.0349955 -0.0094365) (28.1315 0.0339933 0.460196)
58            (30.6049 -0.0272727 -0.210833) (32.245 -0.0427443 -0.0559702) (28.0062 0.0411949 0.503737)
59            (30.6061 -0.0272375 -0.209395) (32.2419 -0.0504076 -0.11238) (27.9721 0.049022 0.545391)
60            (30.6058 -0.027198 -0.208425) (32.2091 -0.057794 -0.179325) (28.0587 0.0564165 0.586511)
61            (30.6056 -0.0271242 -0.207745) (32.1277 -0.0644129 -0.254692) (28.2421 0.0620694 0.630579)
62            (30.6054 -0.027047 -0.207292) (31.9874 -0.0698884 -0.333543) (28.5096 0.0646916 0.678706)
63            (30.6051 -0.0269962 -0.207016) (31.7834 -0.0737099 -0.408639) (28.8521 0.0634411 0.727173)
64            (30.6051 -0.0269793 -0.20681) (31.5184 -0.0749874 -0.471101) (29.2539 0.0578333 0.767845)
65            (30.6058 -0.0269891 -0.206572) (31.2082 -0.072774 -0.51262) (29.6972 0.0475319 0.79165)
66            (30.6069 -0.0270268 -0.206347) (30.8837 -0.0666683 -0.528403) (30.1644 0.0322409 0.79192)
67            (30.6081 -0.0270905 -0.206223) (30.5789 -0.057212 -0.519041) (30.641 0.0116955 0.76258)
68            (30.6097 -0.0271663 -0.206216) (30.3157 -0.0457178 -0.488804) (31.1102 -0.0142018 0.694836)
69            (30.6118 -0.0272388 -0.206307) (30.1044 -0.033768 -0.442862) (31.5402 -0.0451682 0.577713)
70            (30.6143 -0.0272989 -0.206473) (29.9497 -0.0227139 -0.38564) (31.8783 -0.0799503 0.404647)
71            (30.6168 -0.0273519 -0.206707) (29.8536 -0.0134273 -0.321763) (32.0628 -0.115821 0.178948)
72            (30.619 -0.0274112 -0.206992) (29.815 -0.0061758 -0.256914) (32.0423 -0.148681 -0.0837619)
73            (30.6205 -0.0274888 -0.207278) (29.8304 -0.000736659 -0.198068) (31.7895 -0.173993 -0.355513)
74            (30.6214 -0.0275871 -0.207517) (29.894 0.00322397 -0.152184) (31.3101 -0.187978 -0.600385)
75            (30.6216 -0.0276992 -0.207681) (29.9969 0.00596629 -0.122664) (30.6447 -0.18819 -0.779955)
76            (30.6214 -0.0278096 -0.207778) (30.1259 0.00762505 -0.107702) (29.8655 -0.17426 -0.863431)
77            (30.6213 -0.027899 -0.207833) (30.2641 0.00823703 -0.102962) (29.0673 -0.148327 -0.839823)
78            (30.6214 -0.0279616 -0.207935) (30.3952 0.00779274 -0.105183) (28.342 -0.114727 -0.723526)
79            (30.6217 -0.0280003 -0.208165) (30.5073 0.0063608 -0.113009) (27.7554 -0.0785676 -0.548519)
80            (30.6222 -0.0280239 -0.208535) (30.5934 0.00418451 -0.125953) (27.3411 -0.0441165 -0.354743)
81            (30.623 -0.0280395 -0.208992) (30.6514 0.0016818 -0.142629) (27.1028 -0.014077 -0.174074)
82            (30.6242 -0.0280514 -0.20946) (30.6847 -0.000664271 -0.160644) (27.0206 0.0102735 -0.0233195)
83            (30.6259 -0.0280606 -0.209901) (30.6997 -0.00236064 -0.177048) (27.0597 0.0285488 0.0944834)
84            (30.6283 -0.0280637 -0.210338) (30.7037 -0.00296309 -0.188296) (27.1717 0.0408611 0.183726)
85            (30.6312 -0.0280565 -0.210808) (30.7032 -0.00230995 -0.191642) (27.3135 0.0476015 0.248889)
86            (30.6338 -0.0280463 -0.211389) (30.7055 -0.000774313 -0.186579) (27.4694 0.0490785 0.291165)
87            (30.6361 -0.0280306 -0.212028) (30.714 0.000894185 -0.17501) (27.6312 0.0457498 0.311354)
88            (30.638 -0.0280086 -0.212621) (30.7276 0.0020733 -0.160162) (27.786 0.038697 0.310787)
89            (30.6392 -0.0279909 -0.213117) (30.7486 0.00237511 -0.144674) (27.9318 0.0293844 0.290592)
90            (30.6393 -0.0279896 -0.213543) (30.7798 0.00166166 -0.129602) (28.0675 0.0194394 0.253634)
91            (30.6391 -0.0279903 -0.213829) (30.8176 0.000129533 -0.11549) (28.176 0.010635 0.206209)
92            (30.639 -0.0279857 -0.21395) (30.8579 -0.00178398 -0.103026) (28.2427 0.00457558 0.156516)
93            (30.6391 -0.0279773 -0.213956) (30.8999 -0.00369359 -0.0926708) (28.2725 0.00211994 0.113201)
94            (30.6399 -0.0279552 -0.213846) (30.9405 -0.00528793 -0.0854325) (28.2673 0.00337001 0.0838535)
95            (30.6418 -0.0279153 -0.213589) (30.9757 -0.00630234 -0.0824515) (28.2297 0.00771475 0.0735889)
96            (30.644 -0.0278801 -0.213307) (31.0038 -0.00671166 -0.0831904) (28.1822 0.0137675 0.0838906)
97            (30.646 -0.0278563 -0.213068) (31.0247 -0.00676598 -0.0856668) (28.1491 0.0197683 0.111006)
98            (30.6482 -0.0278392 -0.212845) (31.0373 -0.00676231 -0.0881267) (28.1408 0.0242896 0.147109)
99            (30.6502 -0.027829 -0.212624) (31.042 -0.00689729 -0.0896057) (28.1658 0.0266361 0.183983)
100           (30.6517 -0.0278294 -0.212431) (31.0415 -0.00722596 -0.0902666) (28.2299 0.0268415 0.214276)
101           (30.6521 -0.0278445 -0.212308) (31.0398 -0.00770597 -0.0911359) (28.3342 0.0252697 0.232711)
102           (30.6512 -0.0278718 -0.212257) (31.0408 -0.00825179 -0.0934611) (28.4688 0.0222689 0.238343)
103           (30.65 -0.0278921 -0.212158) (31.0457 -0.00875009 -0.0980114) (28.6119 0.018222 0.235257)
104           (30.6492 -0.0279012 -0.211965) (31.0536 -0.00912226 -0.104468) (28.7473 0.013527 0.229657)
105           (30.6487 -0.0279027 -0.211725) (31.063 -0.00937504 -0.111677) (28.8706 0.00848366 0.225282)
106           (30.6487 -0.0278987 -0.211488) (31.0711 -0.00957119 -0.118043) (28.9829 0.00339143 0.221987)
107           (30.6491 -0.02789 -0.211272) (31.0749 -0.00976684 -0.122303) (29.0869 -0.00137711 0.216949)
108           (30.6498 -0.0278771 -0.211072) (31.0722 -0.00998583 -0.124126) (29.1866 -0.00543725 0.207074)
109           (30.651 -0.0278608 -0.210876) (31.062 -0.0102266 -0.12411) (29.2873 -0.00855195 0.190426)
110           (30.6525 -0.0278442 -0.21068) (31.045 -0.010461 -0.12321) (29.3939 -0.0108256 0.166872)
111           (30.6542 -0.0278304 -0.210497) (31.0234 -0.0106474 -0.121961) (29.5084 -0.0127213 0.138502)
112           (30.6557 -0.0278211 -0.210337) (31.001 -0.010763 -0.120144) (29.6326 -0.0149019 0.108889)
113           (30.6565 -0.0278217 -0.210234) (30.9826 -0.0108247 -0.11712) (29.7692 -0.0181095 0.0802568)
114           (30.6565 -0.0278334 -0.210196) (30.9727 -0.0108682 -0.112745) (29.9081 -0.0227827 0.0516767)
115           (30.6563 -0.027843 -0.210136) (30.9712 -0.0108875 -0.107909) (30.0271 -0.0286607 0.0208289)
116           (30.6563 -0.027845 -0.210009) (30.9744 -0.0108596 -0.1041) (30.1109 -0.0350037 -0.0134415)
117           (30.6565 -0.0278423 -0.209862) (30.978 -0.0107904 -0.102669) (30.1591 -0.0409634 -0.0499152)
118           (30.6568 -0.0278354 -0.209728) (30.98 -0.010728 -0.104132) (30.1788 -0.0458383 -0.0853595)
119           (30.6573 -0.0278239 -0.209611) (30.98 -0.0107311 -0.107966) (30.1787 -0.0491756 -0.115802)
120           (30.658 -0.0278095 -0.2095) (30.9778 -0.0108192 -0.11296) (30.1668 -0.0507754 -0.138485)
121           (30.6589 -0.0277955 -0.209398) (30.9728 -0.0109482 -0.11794) (30.1519 -0.0506956 -0.153194)
122           (30.6598 -0.0277833 -0.209307) (30.9645 -0.0110472 -0.122262) (30.1427 -0.0492913 -0.16164)
123           (30.6608 -0.0277728 -0.209226) (30.953 -0.0110623 -0.125783) (30.145 -0.0471596 -0.166288)
124           (30.6617 -0.0277638 -0.209161) (30.9386 -0.0109664 -0.128536) (30.1603 -0.0449746 -0.169916)
125           (30.6625 -0.0277565 -0.209122) (30.9227 -0.0107528 -0.130431) (30.1862 -0.0433334 -0.175523)
126           (30.6629 -0.0277518 -0.209113) (30.9068 -0.0104308 -0.131251) (30.2181 -0.0426292 -0.186442)
127           (30.663 -0.0277511 -0.209138) (30.8922 -0.0100284 -0.130802) (30.2514 -0.0429805 -0.205454)
128           (30.6627 -0.0277534 -0.209191) (30.8808 -0.00959298 -0.129119) (30.281 -0.0442615 -0.232995)
129           (30.6625 -0.0277518 -0.209225) (30.8748 -0.00917524 -0.126694) (30.2972 -0.0461118 -0.266524)
130           (30.6624 -0.0277451 -0.209223) (30.8744 -0.0088142 -0.124161) (30.2916 -0.0480168 -0.301539)
131           (30.6623 -0.027737 -0.209213) (30.8778 -0.0085441 -0.12185) (30.2619 -0.0494599 -0.33321)
132           (30.6624 -0.0277279 -0.209209) (30.8836 -0.00839236 -0.119729) (30.2082 -0.050025 -0.35751)
133           (30.6627 -0.0277171 -0.209207) (30.8907 -0.00837455 -0.117883) (30.1337 -0.0494496 -0.371663)
134           (30.6632 -0.0277053 -0.209205) (30.8987 -0.00849745 -0.116651) (30.0462 -0.047704 -0.374107)
135           (30.6638 -0.027694 -0.209207) (30.9068 -0.00874913 -0.11637) (29.9562 -0.0450032 -0.36452)
136           (30.6644 -0.0276845 -0.209219) (30.9146 -0.00908455 -0.117107) (29.8724 -0.0417191 -0.344023)
137           (30.6649 -0.0276769 -0.209241) (30.9216 -0.00943883 -0.118737) (29.8004 -0.0382369 -0.314984)
138           (30.6655 -0.0276714 -0.209275) (30.9273 -0.00975315 -0.121034) (29.7431 -0.0348583 -0.28052)
139           (30.6659 -0.0276681 -0.209323) (30.9311 -0.00998753 -0.123689) (29.7027 -0.0317982 -0.244117)
140           (30.6662 -0.0276669 -0.209384) (30.9323 -0.0101216 -0.126351) (29.6805 -0.0292138 -0.209236)
141           (30.6664 -0.0276674 -0.209456) (30.9309 -0.010149 -0.128741) (29.6761 -0.027209 -0.1789)
142           (30.6665 -0.0276693 -0.209533) (30.9273 -0.0100735 -0.130741) (29.6866 -0.0258331 -0.15533)
143           (30.6666 -0.027672 -0.209611) (30.9223 -0.00990805 -0.132349) (29.7074 -0.0250986 -0.139869)
144           (30.6666 -0.0276751 -0.209687) (30.9166 -0.00967265 -0.13357) (29.7335 -0.024994 -0.133181)
145           (30.6666 -0.0276783 -0.209763) (30.9107 -0.00939232 -0.134368) (29.7603 -0.0254878 -0.135274)
146           (30.6667 -0.0276815 -0.209839) (30.9051 -0.00909604 -0.134725) (29.7843 -0.0265149 -0.145411)
147           (30.6668 -0.0276851 -0.209922) (30.9006 -0.00881309 -0.134725) (29.8023 -0.0279515 -0.162183)
148           (30.6669 -0.027689 -0.210011) (30.8977 -0.00856895 -0.134541) (29.8123 -0.0296171 -0.183702)
149           (30.6671 -0.0276931 -0.210101) (30.8969 -0.00838528 -0.134347) (29.8134 -0.0313014 -0.20779)
150           (30.6674 -0.0276972 -0.21019) (30.8985 -0.00827817 -0.13424) (29.805 -0.0327923 -0.232136)
151           (30.6677 -0.0277015 -0.210277) (30.9022 -0.0082548 -0.134219) (29.7873 -0.0339051 -0.254482)
152           (30.668 -0.0277059 -0.210364) (30.9076 -0.00831212 -0.134225) (29.761 -0.0345103 -0.27279)
153           (30.6684 -0.0277104 -0.21045) (30.9139 -0.00843853 -0.134201) (29.7282 -0.0345546 -0.285471)
154           (30.6687 -0.0277151 -0.210536) (30.9203 -0.00861613 -0.134141) (29.6916 -0.0340646 -0.291592)
155           (30.669 -0.0277199 -0.210618) (30.9262 -0.00882219 -0.134101) (29.6541 -0.0331306 -0.290956)
156           (30.6692 -0.027725 -0.210694) (30.9311 -0.00903165 -0.134136) (29.6186 -0.0318866 -0.284067)
157           (30.6695 -0.0277304 -0.210763) (30.9344 -0.00922161 -0.13421) (29.5874 -0.0304933 -0.272034)
158           (30.6697 -0.0277361 -0.210826) (30.9361 -0.0093755 -0.134207) (29.5623 -0.0291128 -0.256379)
159           (30.6699 -0.0277421 -0.210884) (30.9362 -0.0094828 -0.134012) (29.5445 -0.0278806 -0.238788)
160           (30.67 -0.0277482 -0.210939) (30.9349 -0.00953658 -0.133575) (29.5342 -0.0268897 -0.220915)
161           (30.6701 -0.0277544 -0.21099) (30.9328 -0.0095334 -0.132929) (29.5312 -0.0261892 -0.204237)
162           (30.6702 -0.0277607 -0.211039) (30.9302 -0.00947463 -0.132149) (29.5344 -0.0257924 -0.19)
163           (30.6703 -0.0277669 -0.211085) (30.9274 -0.00936724 -0.131303) (29.5426 -0.0256845 -0.17917)
164           (30.6703 -0.027773 -0.211129) (30.9249 -0.00922305 -0.13046) (29.5538 -0.0258288 -0.17235)
165           (30.6704 -0.0277786 -0.21117) (30.9227 -0.00905672 -0.129707) (29.5654 -0.0261706 -0.169723)
166           (30.6704 -0.0277836 -0.211207) (30.9208 -0.00888372 -0.129089) (29.5752 -0.026639 -0.171071)
167           (30.6705 -0.027788 -0.21124) (30.9192 -0.00871838 -0.128582) (29.5811 -0.0271542 -0.175741)
168           (30.6706 -0.0277917 -0.211272) (30.9183 -0.00857318 -0.128175) (29.5821 -0.0276414 -0.182724)
169           (30.6707 -0.0277948 -0.211301) (30.9179 -0.00845811 -0.127886) (29.5778 -0.0280404 -0.190848)
170           (30.6708 -0.0277975 -0.211329) (30.9183 -0.00837937 -0.127727) (29.5683 -0.0283069 -0.198954)
171           (30.6709 -0.0278001 -0.211357) (30.9192 -0.00833918 -0.12767) (29.5543 -0.0284117 -0.205992)
172           (30.671 -0.0278026 -0.211386) (30.9206 -0.00833618 -0.127637) (29.5367 -0.0283394 -0.211084)
173           (30.6711 -0.0278051 -0.211413) (30.9223 -0.008366 -0.127528) (29.5165 -0.028087 -0.21358)
174           (30.6712 -0.0278075 -0.211439) (30.9243 -0.00842161 -0.127265) (29.495 -0.0276634 -0.21311)
175           (30.6712 -0.0278099 -0.211462) (30.9262 -0.00849412 -0.12682) (29.4734 -0.0270912 -0.209601)
176           (30.6713 -0.0278121 -0.211482) (30.928 -0.00857405 -0.126206) (29.4527 -0.0264069 -0.203262)
177           (30.6713 -0.0278143 -0.2115) (30.9294 -0.00865248 -0.125449) (29.434 -0.0256568 -0.194527)
178           (30.6714 -0.0278165 -0.211515) (30.9304 -0.00872154 -0.12456) (29.4177 -0.0248883 -0.183971)
179           (30.6714 -0.0278188 -0.211529) (30.9307 -0.00877461 -0.123542) (29.4036 -0.0241404 -0.172215)
180           (30.6714 -0.027821 -0.211542) (30.9305 -0.008808 -0.122408) (29.3921 -0.0234441 -0.159901)
181           (30.6714 -0.027823 -0.211553) (30.9298 -0.00882297 -0.121188) (29.3841 -0.0228374 -0.147687)
182           (30.6713 -0.0278248 -0.211562) (30.9289 -0.00882105 -0.119897) (29.3795 -0.022349 -0.136124)
183           (30.6713 -0.0278263 -0.211568) (30.928 -0.00880265 -0.118558) (29.3775 -0.0219892 -0.125588)
184           (30.6713 -0.0278276 -0.211571) (30.9272 -0.0087685 -0.117207) (29.3773 -0.0217522 -0.116312)
185           (30.6712 -0.0278286 -0.211571) (30.9265 -0.00872086 -0.115887) (29.3783 -0.0216199 -0.108422)
186           (30.6712 -0.0278293 -0.211569) (30.926 -0.00866361 -0.114645) (29.3798 -0.0215673 -0.101935)
187           (30.6712 -0.0278297 -0.211564) (30.9255 -0.00860142 -0.113519) (29.3812 -0.0215665 -0.0967611)
188           (30.6712 -0.0278299 -0.211557) (30.9253 -0.00853875 -0.112534) (29.382 -0.0215919 -0.0927391)
189           (30.6712 -0.0278301 -0.211549) (30.9252 -0.00847925 -0.111702) (29.3819 -0.0216231 -0.0896646)
190           (30.6712 -0.0278302 -0.211541) (30.9253 -0.00842564 -0.111026) (29.3807 -0.0216457 -0.0873045)
191           (30.6712 -0.0278302 -0.211534) (30.9257 -0.00837995 -0.110505) (29.3786 -0.0216495 -0.0854045)
192           (30.6712 -0.0278302 -0.211526) (30.9263 -0.00834387 -0.110138) (29.3756 -0.0216288 -0.0837075)
193           (30.6712 -0.0278302 -0.211518) (30.927 -0.00831862 -0.10992) (29.3719 -0.0215811 -0.0819747)
194           (30.6712 -0.0278302 -0.21151) (30.9279 -0.00830445 -0.109833) (29.3677 -0.0215062 -0.0800101)
195           (30.6712 -0.0278302 -0.211503) (30.9288 -0.00830061 -0.10985) (29.3632 -0.0214052 -0.0776691)
196           (30.6712 -0.0278303 -0.211496) (30.9297 -0.00830554 -0.109942) (29.3585 -0.0212805 -0.0748572)
197           (30.6712 -0.0278304 -0.21149) (30.9305 -0.00831715 -0.110076) (29.3537 -0.0211354 -0.071521)
198           (30.6711 -0.0278304 -0.211485) (30.9312 -0.00833299 -0.110222) (29.3488 -0.0209734 -0.0676621)
199           (30.6711 -0.0278304 -0.211479) (30.9317 -0.00835106 -0.110362) (29.3442 -0.020802 -0.063361)
200           (30.6711 -0.0278302 -0.211473) (30.932 -0.00837039 -0.110485) (29.3405 -0.0206342 -0.0587445)
201           (30.671 -0.02783 -0.211466) (30.9321 -0.00839001 -0.110573) (29.3379 -0.0204815 -0.0539358)
202           (30.671 -0.0278296 -0.21146) (30.9321 -0.00840862 -0.110604) (29.3362 -0.0203518 -0.0490602)
203           (30.671 -0.0278292 -0.211455) (30.9321 -0.00842476 -0.110567) (29.3354 -0.0202483 -0.0442566)
204           (30.671 -0.0278286 -0.211449) (30.932 -0.0084373 -0.110462) (29.3353 -0.0201705 -0.0396673)
205           (30.671 -0.0278281 -0.211443) (30.9318 -0.00844575 -0.110295) (29.3358 -0.0201165 -0.0354126)
206           (30.671 -0.0278275 -0.211437) (30.9315 -0.00845029 -0.110075) (29.3368 -0.0200849 -0.0315772)
207           (30.671 -0.027827 -0.211432) (30.9311 -0.00845151 -0.109811) (29.3383 -0.0200752 -0.0282083)
208           (30.6709 -0.0278265 -0.211426) (30.9307 -0.00844989 -0.109513) (29.34 -0.0200865 -0.0253215)
209           (30.6709 -0.0278261 -0.21142) (30.9304 -0.00844572 -0.109188) (29.3421 -0.020116 -0.0229086)
210           (30.6709 -0.0278257 -0.211415) (30.9301 -0.00843944 -0.108852) (29.3441 -0.0201597 -0.0209506)
211           (30.6709 -0.0278254 -0.21141) (30.9298 -0.00843179 -0.108518) (29.3461 -0.0202127 -0.0194204)
212           (30.6709 -0.0278251 -0.211405) (30.9295 -0.0084236 -0.108203) (29.3478 -0.0202697 -0.0182769)
213           (30.6709 -0.0278248 -0.211399) (30.9292 -0.00841551 -0.107917) (29.349 -0.0203264 -0.0174587)
214           (30.6708 -0.0278245 -0.211394) (30.9289 -0.00840779 -0.107669) (29.3499 -0.0203796 -0.0168905)
215           (30.6708 -0.0278242 -0.211388) (30.9286 -0.00840055 -0.10746) (29.3504 -0.0204272 -0.0165355)
216           (30.6708 -0.0278238 -0.211384) (30.9283 -0.00839393 -0.107289) (29.3506 -0.0204698 -0.0162892)
217           (30.6708 -0.0278235 -0.211379) (30.928 -0.00838775 -0.107173) (29.3506 -0.0205076 -0.0160651)
218           (30.6708 -0.0278232 -0.211375) (30.9278 -0.00838265 -0.107099) (29.3504 -0.0205405 -0.0158801)
219           (30.6707 -0.0278228 -0.211371) (30.9275 -0.0083787 -0.107069) (29.35 -0.0205683 -0.0156647)
220           (30.6707 -0.0278224 -0.211366) (30.9273 -0.0083757 -0.10708) (29.3495 -0.0205903 -0.0153707)
221           (30.6707 -0.027822 -0.211362) (30.927 -0.00837334 -0.107125) (29.3488 -0.0206052 -0.0149782)
222           (30.6707 -0.0278215 -0.211357) (30.9267 -0.00837117 -0.107192) (29.3478 -0.0206112 -0.0144948)
223           (30.6707 -0.0278211 -0.211353) (30.9264 -0.00836884 -0.107271) (29.3466 -0.0206072 -0.013944)
224           (30.6707 -0.0278206 -0.211349) (30.9259 -0.00836628 -0.107358) (29.3452 -0.0205948 -0.0133459)
225           (30.6707 -0.0278202 -0.211346) (30.9255 -0.00836361 -0.107452) (29.3437 -0.0205768 -0.0127075)
226           (30.6707 -0.0278198 -0.211344) (30.925 -0.00836089 -0.10755) (29.3422 -0.0205565 -0.0120258)
227           (30.6707 -0.0278194 -0.211342) (30.9244 -0.00835806 -0.10765) (29.3408 -0.0205361 -0.0112982)
228           (30.6707 -0.027819 -0.21134) (30.9239 -0.00835514 -0.107745) (29.3395 -0.0205166 -0.0105292)
229           (30.6707 -0.0278187 -0.211338) (30.9234 -0.00835226 -0.107831) (29.3383 -0.0204978 -0.00973274)
230           (30.6707 -0.0278184 -0.211336) (30.9229 -0.00834956 -0.107902) (29.3372 -0.0204788 -0.00892881)
231           (30.6707 -0.0278181 -0.211333) (30.9224 -0.0083471 -0.107958) (29.3362 -0.0204588 -0.00813842)
232           (30.6707 -0.0278178 -0.21133) (30.9219 -0.00834472 -0.108001) (29.3352 -0.0204365 -0.00737767)
233           (30.6707 -0.0278177 -0.211325) (30.9214 -0.00834214 -0.108032) (29.3342 -0.0204112 -0.00665614)
234           (30.6707 -0.0278176 -0.21132) (30.9209 -0.0083391 -0.108056) (29.3331 -0.0203821 -0.00597678)
235           (30.6707 -0.0278176 -0.211315) (30.9204 -0.00833545 -0.108073) (29.3319 -0.020349 -0.00533663)
236           (30.6706 -0.0278177 -0.211309) (30.9198 -0.00833125 -0.108085) (29.3307 -0.0203127 -0.00472933)
237           (30.6706 -0.0278178 -0.211302) (30.9192 -0.00832662 -0.10809) (29.3294 -0.0202744 -0.00414954)
238           (30.6706 -0.027818 -0.211295) (30.9186 -0.0083217 -0.108087) (29.3282 -0.0202355 -0.0035955)
239           (30.6706 -0.0278182 -0.211288) (30.918 -0.00831656 -0.108078) (29.327 -0.0201973 -0.00306975)
240           (30.6706 -0.0278184 -0.211281) (30.9174 -0.00831122 -0.108063) (29.3259 -0.0201607 -0.00257731)
241           (30.6706 -0.0278185 -0.211273) (30.9168 -0.00830573 -0.108044) (29.3248 -0.0201257 -0.00212119)
242           (30.6706 -0.0278186 -0.211266) (30.9163 -0.00830009 -0.108024) (29.3238 -0.0200919 -0.00169912)
243           (30.6706 -0.0278187 -0.211259) (30.9157 -0.00829431 -0.108004) (29.3227 -0.0200587 -0.00130339)
244           (30.6706 -0.0278188 -0.211253) (30.9152 -0.00828831 -0.107984) (29.3217 -0.0200255 -0.00092267)
245           (30.6705 -0.0278188 -0.211247) (30.9147 -0.008282 -0.107966) (29.3206 -0.0199919 -0.000546713)
246           (30.6705 -0.0278188 -0.211243) (30.9141 -0.00827532 -0.107949) (29.3194 -0.0199578 -0.00017033)
247           (30.6705 -0.0278189 -0.211239) (30.9136 -0.00826832 -0.107932) (29.3182 -0.0199236 0.000206508)
248           (30.6705 -0.0278189 -0.211236) (30.9131 -0.00826115 -0.107916) (29.317 -0.0198895 0.000580154)
249           (30.6705 -0.0278189 -0.211233) (30.9126 -0.008254 -0.107902) (29.3158 -0.0198557 0.000946561)
250           (30.6705 -0.0278189 -0.21123) (30.9121 -0.00824705 -0.10789) (29.3146 -0.0198223 0.00130506)
251           (30.6705 -0.0278188 -0.211228) (30.9116 -0.0082404 -0.107881) (29.3133 -0.0197892 0.00165835)
252           (30.6705 -0.0278187 -0.211226) (30.9112 -0.00823403 -0.107877) (29.3121 -0.0197563 0.00201089)
253           (30.6705 -0.0278187 -0.211224) (30.9107 -0.0082279 -0.107878) (29.3108 -0.0197232 0.00236748)
254           (30.6705 -0.0278186 -0.211221) (30.9103 -0.00822194 -0.107881) (29.3095 -0.0196898 0.0027309)
255           (30.6705 -0.0278186 -0.211219) (30.9099 -0.00821613 -0.107888) (29.3082 -0.0196559 0.003101)
256           (30.6705 -0.0278186 -0.211216) (30.9095 -0.0082105 -0.107898) (29.3069 -0.0196218 0.00347613)
257           (30.6705 -0.0278187 -0.211213) (30.9091 -0.00820508 -0.107909) (29.3057 -0.0195874 0.00385362)
258           (30.6705 -0.0278188 -0.211211) (30.9087 -0.00819993 -0.107922) (29.3044 -0.0195529 0.0042307)
259           (30.6705 -0.0278188 -0.211208) (30.9083 -0.00819507 -0.107938) (29.3032 -0.0195184 0.00460609)
260           (30.6705 -0.0278189 -0.211206) (30.9079 -0.00819055 -0.107956) (29.302 -0.0194838 0.00497974)
261           (30.6705 -0.027819 -0.211204) (30.9075 -0.00818634 -0.107978) (29.3009 -0.0194494 0.00535231)
262           (30.6705 -0.0278191 -0.211202) (30.9071 -0.00818243 -0.108001) (29.2997 -0.0194151 0.00572547)
263           (30.6705 -0.0278192 -0.211201) (30.9068 -0.00817876 -0.108026) (29.2985 -0.019381 0.00610002)
264           (30.6705 -0.0278194 -0.2112) (30.9064 -0.00817528 -0.108053) (29.2974 -0.0193472 0.00647496)
265           (30.6705 -0.0278196 -0.211198) (30.906 -0.00817193 -0.10808) (29.2963 -0.0193139 0.00684858)
266           (30.6705 -0.0278197 -0.211198) (30.9056 -0.00816866 -0.108106) (29.2952 -0.0192813 0.00721884)
267           (30.6705 -0.0278199 -0.211197) (30.9052 -0.00816545 -0.108133) (29.2941 -0.0192494 0.00758323)
268           (30.6705 -0.0278201 -0.211196) (30.9048 -0.00816228 -0.10816) (29.2931 -0.0192182 0.00793893)
269           (30.6705 -0.0278203 -0.211195) (30.9044 -0.00815913 -0.108188) (29.2921 -0.0191877 0.00828512)
270           (30.6705 -0.0278204 -0.211194) (30.904 -0.00815601 -0.108215) (29.2912 -0.019158 0.00862354)
271           (30.6704 -0.0278206 -0.211194) (30.9036 -0.0081529 -0.108243) (29.2903 -0.0191292 0.00895661)
272           (30.6704 -0.0278207 -0.211193) (30.9032 -0.00814974 -0.108269) (29.2894 -0.0191013 0.00928413)
273           (30.6704 -0.0278208 -0.211192) (30.9028 -0.00814651 -0.108294) (29.2885 -0.0190742 0.00960338)
274           (30.6704 -0.0278209 -0.211191) (30.9024 -0.00814317 -0.108317) (29.2877 -0.019048 0.0099107)
275           (30.6704 -0.0278211 -0.211191) (30.902 -0.00813971 -0.108338) (29.2868 -0.0190226 0.0102032)
276           (30.6704 -0.0278212 -0.21119) (30.9016 -0.00813615 -0.108358) (29.286 -0.0189979 0.0104792)
277           (30.6704 -0.0278213 -0.211189) (30.9012 -0.00813252 -0.108376) (29.2853 -0.0189739 0.01074)
278           (30.6704 -0.0278215 -0.211189) (30.9008 -0.00812885 -0.108394) (29.2845 -0.0189504 0.0109892)
279           (30.6704 -0.0278216 -0.211188) (30.9005 -0.00812516 -0.10841) (29.2837 -0.0189274 0.01123)
280           (30.6704 -0.0278217 -0.211188) (30.9001 -0.00812147 -0.108425) (29.283 -0.0189047 0.0114631)
281           (30.6704 -0.0278218 -0.211187) (30.8997 -0.00811781 -0.108438) (29.2823 -0.0188824 0.0116877)
282           (30.6704 -0.0278219 -0.211187) (30.8994 -0.00811421 -0.108448) (29.2815 -0.0188604 0.0119033)
283           (30.6704 -0.027822 -0.211186) (30.899 -0.00811071 -0.108457) (29.2808 -0.0188386 0.0121096)
284           (30.6704 -0.0278221 -0.211186) (30.8987 -0.00810732 -0.108465) (29.2801 -0.018817 0.0123068)
285           (30.6704 -0.0278222 -0.211186) (30.8983 -0.00810405 -0.108471) (29.2794 -0.0187956 0.0124968)
286           (30.6704 -0.0278223 -0.211186) (30.898 -0.00810091 -0.108477) (29.2787 -0.0187742 0.0126828)
287           (30.6704 -0.0278224 -0.211186) (30.8977 -0.00809791 -0.108483) (29.2781 -0.018753 0.0128672)
288           (30.6704 -0.0278224 -0.211187) (30.8974 -0.00809506 -0.108488) (29.2774 -0.0187318 0.0130506)
289           (30.6704 -0.0278225 -0.211187) (30.8971 -0.00809236 -0.108493) (29.2768 -0.0187105 0.0132336)
290           (30.6704 -0.0278226 -0.211188) (30.8968 -0.00808988 -0.108498) (29.2762 -0.0186892 0.0134038)
291           (30.6704 -0.0278226 -0.211189) (30.8965 -0.0080876 -0.108502) (29.2756 -0.0186688 0.013566)
292           (30.6704 -0.0278227 -0.21119) (30.8962 -0.00808535 -0.108506) (29.275 -0.0186482 0.0137531)
293           (30.6704 -0.0278228 -0.211191) (30.896 -0.00808317 -0.108512) (29.2744 -0.0186272 0.0139424)
294           (30.6704 -0.0278228 -0.211191) (30.8957 -0.00808102 -0.108518) (29.2738 -0.0186069 0.0141253)
295           (30.6704 -0.0278229 -0.211193) (30.8955 -0.0080787 -0.108524) (29.2732 -0.0185861 0.0143282)
296           (30.6704 -0.027823 -0.211194) (30.8952 -0.00807646 -0.10853) (29.2726 -0.0185647 0.0145255)
297           (30.6704 -0.027823 -0.211195) (30.8949 -0.00807446 -0.108536) (29.272 -0.0185442 0.0147037)
298           (30.6704 -0.0278231 -0.211197) (30.8947 -0.00807263 -0.108541) (29.2715 -0.0185243 0.014886)
299           (30.6704 -0.0278231 -0.211198) (30.8944 -0.00807081 -0.108547) (29.271 -0.0185052 0.0150731)
300           (30.6704 -0.0278231 -0.2112) (30.8942 -0.00806901 -0.108554) (29.2705 -0.0184872 0.0152532)
301           (30.6704 -0.0278231 -0.211202) (30.894 -0.00806723 -0.108561) (29.27 -0.0184708 0.0154284)
302           (30.6704 -0.0278232 -0.211204) (30.8938 -0.00806536 -0.108568) (29.2696 -0.0184549 0.0156242)
303           (30.6704 -0.0278232 -0.211205) (30.8936 -0.00806361 -0.108576) (29.2691 -0.0184391 0.0158209)
304           (30.6703 -0.0278232 -0.211207) (30.8934 -0.00806207 -0.108582) (29.2687 -0.0184239 0.0160074)
305           (30.6703 -0.0278232 -0.21121) (30.8932 -0.00806061 -0.108587) (29.2683 -0.0184083 0.0162055)
306           (30.6703 -0.0278232 -0.211212) (30.893 -0.00805925 -0.108593) (29.2678 -0.0183924 0.0163969)
307           (30.6703 -0.0278233 -0.211214) (30.8928 -0.008058 -0.108598) (29.2674 -0.0183775 0.0165721)
308           (30.6703 -0.0278232 -0.211217) (30.8926 -0.0080567 -0.108603) (29.267 -0.0183626 0.016752)
309           (30.6703 -0.0278233 -0.211219) (30.8924 -0.00805545 -0.108609) (29.2666 -0.0183478 0.0169248)
310           (30.6703 -0.0278233 -0.211221) (30.8922 -0.00805431 -0.108615) (29.2662 -0.018334 0.0170901)
311           (30.6703 -0.0278233 -0.211223) (30.892 -0.00805324 -0.10862) (29.2658 -0.0183206 0.0172584)
312           (30.6703 -0.0278233 -0.211226) (30.8919 -0.00805234 -0.108626) (29.2655 -0.0183079 0.0174264)
313           (30.6703 -0.0278234 -0.211228) (30.8917 -0.00805157 -0.108632) (29.2651 -0.0182953 0.0176038)
314           (30.6703 -0.0278234 -0.21123) (30.8915 -0.00805086 -0.108637) (29.2647 -0.0182832 0.0177787)
315           (30.6703 -0.0278235 -0.211232) (30.8914 -0.00805014 -0.108643) (29.2644 -0.0182702 0.0179582)
316           (30.6703 -0.0278235 -0.211235) (30.8912 -0.00804957 -0.108649) (29.2641 -0.0182582 0.0181092)
317           (30.6703 -0.0278236 -0.211237) (30.891 -0.00804904 -0.108655) (29.2637 -0.0182465 0.0182556)
318           (30.6703 -0.0278235 -0.21124) (30.8908 -0.00804852 -0.108663) (29.2634 -0.0182338 0.0184068)
319           (30.6703 -0.0278235 -0.211242) (30.8906 -0.00804813 -0.108671) (29.2631 -0.0182219 0.0185358)
320           (30.6703 -0.0278235 -0.211244) (30.8904 -0.00804769 -0.108679) (29.2628 -0.0182107 0.0186697)
321           (30.6703 -0.0278235 -0.211246) (30.8903 -0.00804712 -0.10869) (29.2624 -0.0181989 0.0188154)
322           (30.6703 -0.0278235 -0.211248) (30.8901 -0.00804654 -0.1087) (29.2622 -0.0181884 0.0189402)
323           (30.6703 -0.0278235 -0.21125) (30.8899 -0.00804592 -0.10871) (29.2619 -0.0181786 0.0190679)
324           (30.6703 -0.0278235 -0.211253) (30.8897 -0.00804532 -0.108721) (29.2616 -0.0181688 0.0192044)
325           (30.6703 -0.0278236 -0.211255) (30.8895 -0.00804482 -0.108731) (29.2614 -0.0181597 0.0193204)
326           (30.6703 -0.0278236 -0.211258) (30.8894 -0.00804432 -0.10874) (29.2612 -0.0181511 0.019439)
327           (30.6703 -0.0278237 -0.211261) (30.8892 -0.00804383 -0.10875) (29.261 -0.0181421 0.0195648)
328           (30.6702 -0.0278237 -0.211263) (30.889 -0.00804338 -0.108759) (29.2608 -0.0181338 0.019669)
329           (30.6702 -0.0278237 -0.211266) (30.8888 -0.00804286 -0.108767) (29.2605 -0.0181255 0.0197708)
330           (30.6702 -0.0278237 -0.211268) (30.8886 -0.00804225 -0.108776) (29.2603 -0.0181165 0.0198755)
331           (30.6702 -0.0278237 -0.211271) (30.8885 -0.0080417 -0.108785) (29.2601 -0.0181079 0.019963)
332           (30.6702 -0.0278237 -0.211273) (30.8883 -0.00804111 -0.108792) (29.2599 -0.0180997 0.0200533)
333           (30.6702 -0.0278237 -0.211275) (30.8881 -0.00804049 -0.1088) (29.2596 -0.0180913 0.0201519)
334           (30.6702 -0.0278237 -0.211277) (30.888 -0.00803989 -0.108808) (29.2594 -0.0180833 0.0202377)
335           (30.6702 -0.0278237 -0.211279) (30.8878 -0.00803931 -0.108814) (29.2592 -0.0180758 0.0203165)
336           (30.6702 -0.0278238 -0.211281) (30.8877 -0.00803869 -0.10882) (29.2591 -0.0180687 0.0204139)
337           (30.6702 -0.0278239 -0.211284) (30.8875 -0.00803811 -0.108826) (29.2588 -0.018061 0.020532)
338           (30.6702 -0.027824 -0.211287) (30.8874 -0.00803761 -0.108832) (29.2587 -0.0180537 0.0206352)
339           (30.6702 -0.027824 -0.211289) (30.8873 -0.0080372 -0.108837) (29.2585 -0.0180468 0.0207267)
340           (30.6702 -0.027824 -0.211292) (30.8871 -0.00803693 -0.108841) (29.2584 -0.0180401 0.0208106)
341           (30.6702 -0.027824 -0.211294) (30.887 -0.00803675 -0.108843) (29.2582 -0.0180329 0.0209066)
342           (30.6702 -0.0278239 -0.211296) (30.8869 -0.00803662 -0.108844) (29.2579 -0.0180237 0.0210167)
343           (30.6702 -0.0278238 -0.211298) (30.8868 -0.00803645 -0.108846) (29.2577 -0.0180148 0.0211141)
344           (30.6702 -0.0278237 -0.2113) (30.8866 -0.00803616 -0.108849) (29.2574 -0.0180062 0.0212026)
345           (30.6702 -0.0278237 -0.211301) (30.8865 -0.0080358 -0.108853) (29.2573 -0.0179981 0.0212864)
346           (30.6702 -0.0278237 -0.211303) (30.8864 -0.00803543 -0.108855) (29.2571 -0.0179903 0.0213795)
347           (30.6702 -0.0278238 -0.211305) (30.8862 -0.00803516 -0.108859) (29.2569 -0.0179826 0.0214868)
348           (30.6702 -0.027824 -0.211308) (30.8861 -0.00803496 -0.108863) (29.2567 -0.0179757 0.0215891)
349           (30.6702 -0.0278241 -0.21131) (30.886 -0.00803482 -0.108867) (29.2566 -0.0179699 0.0216884)
350           (30.6702 -0.0278241 -0.211312) (30.8859 -0.0080348 -0.108871) (29.2564 -0.0179652 0.0217874)
351           (30.6702 -0.0278242 -0.211314) (30.8858 -0.0080349 -0.108873) (29.2563 -0.0179605 0.0219009)
352           (30.6702 -0.0278242 -0.211317) (30.8857 -0.00803514 -0.108875) (29.2562 -0.0179552 0.0220302)
353           (30.6702 -0.0278242 -0.21132) (30.8857 -0.00803541 -0.108877) (29.2561 -0.0179501 0.0221437)
354           (30.6701 -0.0278242 -0.211322) (30.8856 -0.00803568 -0.108879) (29.256 -0.0179451 0.0222417)
355           (30.6701 -0.0278242 -0.211324) (30.8855 -0.008036 -0.108881) (29.256 -0.0179399 0.0223284)
356           (30.6701 -0.0278242 -0.211326) (30.8854 -0.00803636 -0.108884) (29.2558 -0.0179343 0.0224158)
357           (30.6701 -0.0278243 -0.211327) (30.8853 -0.00803672 -0.108889) (29.2557 -0.017928 0.0225083)
358           (30.6701 -0.0278245 -0.211329) (30.8852 -0.00803703 -0.108894) (29.2555 -0.0179224 0.0225908)
359           (30.6701 -0.0278247 -0.211331) (30.8851 -0.00803721 -0.108899) (29.2553 -0.0179173 0.0226652)
360           (30.6701 -0.0278248 -0.211332) (30.885 -0.00803724 -0.108905) (29.2552 -0.0179128 0.0227352)
361           (30.6701 -0.0278249 -0.211334) (30.8849 -0.00803719 -0.108911) (29.2551 -0.0179086 0.0228049)
362           (30.6701 -0.0278249 -0.211336) (30.8848 -0.0080371 -0.108916) (29.255 -0.0179044 0.0228922)
363           (30.6701 -0.0278249 -0.211339) (30.8847 -0.00803705 -0.108922) (29.2549 -0.0178996 0.0229993)
364           (30.6701 -0.0278248 -0.211341) (30.8846 -0.0080371 -0.108927) (29.2548 -0.0178957 0.0230922)
365           (30.6701 -0.0278248 -0.211342) (30.8845 -0.00803731 -0.108933) (29.2547 -0.0178924 0.0231698)
366           (30.6701 -0.0278247 -0.211343) (30.8844 -0.0080377 -0.108938) (29.2547 -0.0178894 0.0232334)
367           (30.6701 -0.0278246 -0.211345) (30.8843 -0.00803825 -0.108943) (29.2546 -0.0178867 0.0232864)
368           (30.6701 -0.0278246 -0.211346) (30.8842 -0.00803887 -0.108949) (29.2545 -0.0178842 0.0233323)
369           (30.6701 -0.0278247 -0.211348) (30.8841 -0.00803944 -0.108955) (29.2544 -0.0178817 0.0233739)
370           (30.6701 -0.0278247 -0.21135) (30.884 -0.00803987 -0.108963) (29.2544 -0.0178789 0.0234123)
371           (30.6701 -0.0278248 -0.211353) (30.8839 -0.00804014 -0.108972) (29.2543 -0.0178758 0.0234494)
372           (30.6701 -0.0278249 -0.211357) (30.8838 -0.00804027 -0.108982) (29.2542 -0.0178722 0.0234868)
373           (30.6701 -0.0278249 -0.211361) (30.8837 -0.0080403 -0.108992) (29.2541 -0.0178683 0.023526)
374           (30.6701 -0.0278249 -0.211366) (30.8836 -0.00804026 -0.109002) (29.254 -0.0178644 0.0235681)
375           (30.6701 -0.0278249 -0.21137) (30.8835 -0.00804018 -0.109011) (29.2539 -0.0178606 0.0236123)
376           (30.6701 -0.0278248 -0.211375) (30.8834 -0.00804007 -0.10902) (29.2538 -0.0178568 0.0236571)
377           (30.6701 -0.0278248 -0.211379) (30.8833 -0.00803998 -0.109027) (29.2538 -0.0178533 0.0237013)
378           (30.6701 -0.0278248 -0.211383) (30.8832 -0.00803994 -0.109035) (29.2537 -0.01785 0.0237445)
379           (30.6701 -0.0278247 -0.211387) (30.8832 -0.00804001 -0.109043) (29.2536 -0.017847 0.0237864)
380           (30.6701 -0.0278248 -0.21139) (30.8831 -0.00804022 -0.109051) (29.2536 -0.0178443 0.0238274)
381           (30.6701 -0.0278249 -0.211393) (30.883 -0.00804058 -0.10906) (29.2535 -0.0178417 0.0238668)
382           (30.6701 -0.027825 -0.211396) (30.8829 -0.00804104 -0.109069) (29.2535 -0.017839 0.0239038)
383           (30.6701 -0.0278251 -0.211398) (30.8828 -0.00804155 -0.109078) (29.2534 -0.0178361 0.0239388)
384           (30.6701 -0.0278252 -0.211401) (30.8827 -0.00804202 -0.109087) (29.2533 -0.0178329 0.0239726)
385           (30.6701 -0.0278253 -0.211403) (30.8826 -0.0080424 -0.109095) (29.2532 -0.0178296 0.0240061)
386           (30.6701 -0.0278253 -0.211405) (30.8825 -0.00804263 -0.109102) (29.2532 -0.017826 0.0240405)
387           (30.6701 -0.0278253 -0.211406) (30.8824 -0.00804271 -0.109109) (29.2531 -0.0178223 0.0240766)
388           (30.6701 -0.0278253 -0.211408) (30.8824 -0.00804266 -0.109115) (29.253 -0.0178185 0.0241144)
389           (30.6701 -0.0278253 -0.211409) (30.8823 -0.00804252 -0.109121) (29.2529 -0.0178145 0.0241533)
390           (30.6701 -0.0278253 -0.21141) (30.8822 -0.00804236 -0.109127) (29.2528 -0.0178104 0.0241938)
391           (30.6701 -0.0278253 -0.211411) (30.8821 -0.00804223 -0.109133) (29.2527 -0.0178064 0.0242367)
392           (30.6701 -0.0278254 -0.211412) (30.882 -0.0080422 -0.109139) (29.2526 -0.0178026 0.0242826)
393           (30.6701 -0.0278256 -0.211414) (30.882 -0.00804227 -0.109144) (29.2525 -0.0177992 0.0243317)
394           (30.6701 -0.0278258 -0.211416) (30.8819 -0.00804245 -0.109149) (29.2524 -0.0177962 0.0243835)
395           (30.6701 -0.027826 -0.211418) (30.8818 -0.00804271 -0.109154) (29.2524 -0.0177936 0.0244358)
396           (30.6701 -0.0278262 -0.21142) (30.8818 -0.00804301 -0.109157) (29.2523 -0.0177911 0.0244863)
397           (30.6701 -0.0278263 -0.211422) (30.8817 -0.00804332 -0.10916) (29.2522 -0.0177888 0.0245338)
398           (30.6701 -0.0278264 -0.211424) (30.8816 -0.00804362 -0.109163) (29.2522 -0.0177865 0.024578)
399           (30.6701 -0.0278263 -0.211426) (30.8816 -0.00804388 -0.109164) (29.2521 -0.0177844 0.0246196)
400           (30.6701 -0.0278263 -0.211427) (30.8815 -0.00804413 -0.109166) (29.2521 -0.0177823 0.0246595)
401           (30.6701 -0.0278261 -0.211428) (30.8814 -0.00804438 -0.109168) (29.252 -0.0177803 0.0246991)
402           (30.6701 -0.027826 -0.211429) (30.8814 -0.00804466 -0.10917) (29.252 -0.0177783 0.0247385)
403           (30.6701 -0.027826 -0.211429) (30.8813 -0.00804497 -0.109173) (29.2519 -0.0177762 0.0247771)
404           (30.6701 -0.027826 -0.21143) (30.8813 -0.00804533 -0.109176) (29.2519 -0.017774 0.0248152)
405           (30.6701 -0.0278261 -0.211431) (30.8812 -0.00804572 -0.109181) (29.2518 -0.0177717 0.0248528)
406           (30.6701 -0.0278263 -0.211433) (30.8811 -0.00804611 -0.109185) (29.2517 -0.0177695 0.0248902)
407           (30.6701 -0.0278266 -0.211435) (30.8811 -0.00804648 -0.10919) (29.2517 -0.0177675 0.0249271)
408           (30.6701 -0.0278269 -0.211437) (30.881 -0.00804682 -0.109196) (29.2516 -0.0177657 0.0249631)
409           (30.6701 -0.0278271 -0.211439) (30.8809 -0.00804709 -0.109201) (29.2516 -0.0177641 0.0249969)
410           (30.6701 -0.0278273 -0.211441) (30.8809 -0.00804732 -0.109206) (29.2515 -0.0177625 0.0250268)
411           (30.6701 -0.0278274 -0.211442) (30.8808 -0.00804752 -0.109211) (29.2515 -0.0177609 0.0250526)
412           (30.6701 -0.0278274 -0.211444) (30.8807 -0.0080477 -0.109216) (29.2515 -0.0177594 0.025075)
413           (30.67 -0.0278274 -0.211445) (30.8807 -0.00804788 -0.109221) (29.2514 -0.0177579 0.025095)
414           (30.67 -0.0278272 -0.211446) (30.8806 -0.00804808 -0.109227) (29.2514 -0.0177565 0.0251135)
415           (30.67 -0.0278271 -0.211446) (30.8805 -0.00804829 -0.109233) (29.2513 -0.0177552 0.0251311)
416           (30.67 -0.027827 -0.211447) (30.8805 -0.0080485 -0.109239) (29.2513 -0.017754 0.0251472)
417           (30.67 -0.027827 -0.211447) (30.8804 -0.00804867 -0.109247) (29.2513 -0.0177527 0.0251607)
418           (30.67 -0.0278271 -0.211448) (30.8803 -0.00804879 -0.109255) (29.2512 -0.0177513 0.0251715)
419           (30.67 -0.0278272 -0.211449) (30.8803 -0.00804883 -0.109264) (29.2512 -0.0177498 0.0251803)
420           (30.67 -0.0278274 -0.211451) (30.8802 -0.00804879 -0.109273) (29.2511 -0.0177483 0.0251881)
421           (30.67 -0.0278276 -0.211453) (30.8801 -0.00804869 -0.109282) (29.251 -0.0177467 0.0251956)
422           (30.67 -0.0278277 -0.211455) (30.8801 -0.00804855 -0.109292) (29.251 -0.0177452 0.0252031)
423           (30.67 -0.0278278 -0.211457) (30.88 -0.00804839 -0.109302) (29.2509 -0.0177436 0.02521)
424           (30.6699 -0.0278277 -0.211458) (30.8799 -0.00804824 -0.109311) (29.2509 -0.017742 0.0252151)
425           (30.6699 -0.0278276 -0.211459) (30.8799 -0.00804811 -0.109322) (29.2508 -0.0177403 0.0252187)
426           (30.6699 -0.0278275 -0.211459) (30.8798 -0.00804802 -0.109332) (29.2507 -0.0177384 0.0252216)
427           (30.6699 -0.0278273 -0.211458) (30.8797 -0.00804798 -0.109344) (29.2507 -0.0177366 0.0252248)
428           (30.6699 -0.0278271 -0.211458) (30.8797 -0.00804797 -0.109355) (29.2506 -0.0177347 0.0252293)
429           (30.6699 -0.027827 -0.211458) (30.8796 -0.008048 -0.109367) (29.2506 -0.0177329 0.0252358)
430           (30.6699 -0.027827 -0.211457) (30.8795 -0.00804806 -0.109378) (29.2505 -0.017731 0.0252437)
431           (30.6699 -0.027827 -0.211457) (30.8795 -0.00804815 -0.109389) (29.2505 -0.017729 0.025252)
432           (30.6699 -0.0278271 -0.211458) (30.8794 -0.00804825 -0.109399) (29.2504 -0.0177269 0.0252606)
433           (30.6699 -0.0278272 -0.211458) (30.8793 -0.00804837 -0.109408) (29.2504 -0.0177247 0.02527)
434           (30.6699 -0.0278273 -0.211459) (30.8793 -0.00804849 -0.109417) (29.2503 -0.0177224 0.0252806)
435           (30.6699 -0.0278274 -0.21146) (30.8792 -0.00804862 -0.109424) (29.2503 -0.0177202 0.025293)
436           (30.6699 -0.0278275 -0.211461) (30.8792 -0.00804876 -0.109431) (29.2502 -0.0177181 0.0253073)
437           (30.6699 -0.0278274 -0.211461) (30.8791 -0.00804891 -0.109437) (29.2502 -0.017716 0.0253225)
438           (30.6699 -0.0278274 -0.211461) (30.8791 -0.00804906 -0.109443) (29.2501 -0.0177139 0.0253375)
439           (30.6699 -0.0278273 -0.211461) (30.879 -0.00804922 -0.109448) (29.2501 -0.0177118 0.0253518)
440           (30.6699 -0.0278272 -0.211461) (30.8789 -0.00804938 -0.109453) (29.25 -0.0177097 0.0253658)
441           (30.6699 -0.0278272 -0.21146) (30.8789 -0.00804955 -0.109458) (29.25 -0.0177077 0.02538)
442           (30.6699 -0.0278271 -0.21146) (30.8788 -0.00804972 -0.109462) (29.25 -0.0177058 0.0253949)
443           (30.6699 -0.0278271 -0.21146) (30.8788 -0.00804989 -0.109466) (29.2499 -0.0177042 0.025411)
444           (30.6699 -0.0278272 -0.21146) (30.8787 -0.00805005 -0.10947) (29.2499 -0.0177028 0.0254274)
445           (30.6699 -0.0278273 -0.21146) (30.8787 -0.0080502 -0.109473) (29.2499 -0.0177015 0.0254429)
446           (30.6699 -0.0278273 -0.211461) (30.8786 -0.00805035 -0.109476) (29.2498 -0.0177001 0.0254572)
447           (30.6699 -0.0278274 -0.211461) (30.8786 -0.00805049 -0.109479) (29.2498 -0.0176989 0.0254708)
448           (30.6699 -0.0278275 -0.211462) (30.8785 -0.00805061 -0.109482) (29.2498 -0.0176977 0.0254843)
449           (30.6699 -0.0278276 -0.211462) (30.8785 -0.00805073 -0.109485) (29.2497 -0.0176968 0.025498)
450           (30.6699 -0.0278276 -0.211463) (30.8785 -0.00805084 -0.109488) (29.2497 -0.017696 0.0255121)
451           (30.6699 -0.0278277 -0.211463) (30.8784 -0.00805094 -0.109491) (29.2497 -0.0176953 0.0255256)
452           (30.6699 -0.0278277 -0.211463) (30.8784 -0.00805103 -0.109495) (29.2496 -0.0176946 0.0255372)
453           (30.6699 -0.0278278 -0.211463) (30.8783 -0.00805112 -0.1095) (29.2496 -0.0176939 0.0255468)
454           (30.6699 -0.0278279 -0.211463) (30.8783 -0.00805122 -0.109506) (29.2496 -0.0176932 0.0255549)
455           (30.6699 -0.0278281 -0.211463) (30.8782 -0.00805133 -0.109512) (29.2495 -0.0176925 0.025562)
456           (30.6699 -0.0278283 -0.211463) (30.8782 -0.00805145 -0.109519) (29.2495 -0.0176917 0.0255687)
457           (30.6698 -0.0278286 -0.211463) (30.8781 -0.00805159 -0.109527) (29.2495 -0.0176911 0.0255752)
458           (30.6698 -0.0278288 -0.211463) (30.8781 -0.00805173 -0.109535) (29.2494 -0.0176905 0.0255806)
459           (30.6698 -0.0278289 -0.211463) (30.878 -0.00805188 -0.109544) (29.2494 -0.0176897 0.0255836)
460           (30.6698 -0.0278291 -0.211463) (30.878 -0.00805204 -0.109553) (29.2494 -0.0176888 0.0255844)
461           (30.6698 -0.0278292 -0.211463) (30.8779 -0.0080522 -0.109563) (29.2493 -0.0176878 0.0255836)
462           (30.6697 -0.0278292 -0.211463) (30.8779 -0.00805236 -0.109572) (29.2493 -0.0176868 0.0255819)
463           (30.6697 -0.0278292 -0.211463) (30.8778 -0.0080525 -0.109582) (29.2493 -0.0176858 0.0255801)
464           (30.6697 -0.0278292 -0.211462) (30.8778 -0.00805263 -0.109592) (29.2492 -0.0176849 0.0255786)
465           (30.6697 -0.0278291 -0.211461) (30.8777 -0.00805273 -0.109602) (29.2492 -0.017684 0.0255765)
466           (30.6697 -0.0278291 -0.211461) (30.8776 -0.00805279 -0.109613) (29.2491 -0.017683 0.0255725)
467           (30.6697 -0.027829 -0.21146) (30.8776 -0.00805281 -0.109623) (29.2491 -0.0176818 0.0255663)
468           (30.6697 -0.0278289 -0.211459) (30.8775 -0.0080528 -0.109634) (29.2491 -0.0176807 0.0255584)
469           (30.6696 -0.0278288 -0.211459) (30.8774 -0.00805274 -0.109644) (29.249 -0.0176795 0.0255496)
470           (30.6696 -0.0278287 -0.211458) (30.8773 -0.00805263 -0.109654) (29.249 -0.0176783 0.0255406)
471           (30.6696 -0.0278286 -0.211458) (30.8773 -0.00805249 -0.109664) (29.2489 -0.0176772 0.0255322)
472           (30.6696 -0.0278285 -0.211457) (30.8772 -0.0080523 -0.109674) (29.2489 -0.0176762 0.0255239)
473           (30.6696 -0.0278284 -0.211457) (30.8771 -0.00805208 -0.109683) (29.2489 -0.0176751 0.0255147)
474           (30.6696 -0.0278283 -0.211456) (30.8771 -0.00805182 -0.109692) (29.2488 -0.0176739 0.025505)
475           (30.6696 -0.0278282 -0.211455) (30.877 -0.00805154 -0.1097) (29.2488 -0.0176726 0.025495)
476           (30.6696 -0.0278281 -0.211455) (30.8769 -0.00805124 -0.109707) (29.2487 -0.0176714 0.0254857)
477           (30.6696 -0.0278281 -0.211454) (30.8768 -0.00805091 -0.109714) (29.2487 -0.0176701 0.0254777)
478           (30.6696 -0.027828 -0.211453) (30.8768 -0.00805058 -0.10972) (29.2486 -0.017669 0.0254715)
479           (30.6696 -0.0278279 -0.211453) (30.8767 -0.00805023 -0.109725) (29.2486 -0.0176678 0.0254665)
480           (30.6696 -0.0278278 -0.211452) (30.8767 -0.00804989 -0.10973) (29.2485 -0.0176665 0.0254617)
481           (30.6696 -0.0278277 -0.211451) (30.8766 -0.00804955 -0.109735) (29.2484 -0.017665 0.0254571)
482           (30.6696 -0.0278277 -0.211451) (30.8766 -0.00804921 -0.109738) (29.2484 -0.0176635 0.0254533)
483           (30.6696 -0.0278276 -0.21145) (30.8765 -0.00804889 -0.109742) (29.2483 -0.0176619 0.025451)
484           (30.6696 -0.0278276 -0.211449) (30.8765 -0.00804859 -0.109745) (29.2483 -0.0176603 0.0254508)
485           (30.6696 -0.0278275 -0.211448) (30.8764 -0.00804831 -0.109748) (29.2482 -0.0176588 0.0254532)
486           (30.6696 -0.0278275 -0.211447) (30.8764 -0.00804805 -0.10975) (29.2481 -0.0176573 0.0254573)
487           (30.6697 -0.0278274 -0.211446) (30.8763 -0.00804782 -0.109752) (29.2481 -0.0176557 0.0254619)
488           (30.6697 -0.0278274 -0.211445) (30.8763 -0.00804762 -0.109754) (29.248 -0.0176541 0.0254669)
489           (30.6697 -0.0278273 -0.211444) (30.8763 -0.00804746 -0.109756) (29.248 -0.0176523 0.0254725)
490           (30.6697 -0.0278273 -0.211443) (30.8762 -0.00804732 -0.109758) (29.2479 -0.0176506 0.0254793)
491           (30.6697 -0.0278273 -0.211441) (30.8762 -0.00804721 -0.109761) (29.2479 -0.017649 0.0254877)
492           (30.6697 -0.0278273 -0.21144) (30.8762 -0.00804713 -0.109763) (29.2478 -0.0176475 0.0254979)
493           (30.6697 -0.0278273 -0.211438) (30.8761 -0.00804708 -0.109766) (29.2477 -0.0176461 0.0255089)
494           (30.6697 -0.0278273 -0.211437) (30.8761 -0.00804704 -0.109769) (29.2477 -0.0176446 0.0255194)
495           (30.6697 -0.0278273 -0.211435) (30.8761 -0.00804704 -0.109772) (29.2477 -0.0176431 0.0255291)
496           (30.6697 -0.0278273 -0.211433) (30.876 -0.00804706 -0.109776) (29.2476 -0.0176417 0.0255382)
497           (30.6697 -0.0278273 -0.211432) (30.876 -0.00804712 -0.109781) (29.2476 -0.0176403 0.0255471)
498           (30.6697 -0.0278274 -0.21143) (30.876 -0.00804721 -0.109786) (29.2475 -0.017639 0.0255562)
499           (30.6697 -0.0278275 -0.211428) (30.8759 -0.00804733 -0.109791) (29.2475 -0.017638 0.0255657)
500           (30.6697 -0.0278276 -0.211426) (30.8759 -0.00804748 -0.109797) (29.2474 -0.017637 0.0255749)
