# Probe 0 (-1 0 0)
# Probe 1 (1 0 0)
# Probe 2 (1.7 0 0)
# Time        0             1             2            
0             0             0             0            
1             1072.63       -357.443      -1226.04     
2             3134.8        -537.506      -2831.94     
3             1973.52       -296.706      -1952.79     
4             -394.549      1.19649       -233.413     
5             -1963.45      78.3583       672.97       
6             -1386.31      -20.5781      479.137      
7             302.961       -174.293      -433.932     
8             1176.08       -258.318      -1136.66     
9             723.303       -242.086      -1151.89     
10            -268.852      -144.281      -535.646     
11            -747.668      -93.9676      -124.382     
12            -416.52       -66.5626      4.46112      
13            173.579       -88.7608      -251.696     
14            424.219       -116.121      -505.156     
15            216.214       -137.984      -600.337     
16            -123.753      -128.347      -452.426     
17            -250.931      -108.917      -278.599     
18            -120.785      -86.837       -185.76      
19            76.9538       -79.8211      -237.87      
20            149.21        -89.5198      -346.948     
21            76.3483       -103.644      -417.15      
22            -35.2036      -111.716      -400.142     
23            -79.1156      -106.02       -322.92      
24            -39.9049      -93.3552      -258.748     
25            19.7137       -81.4104      -243.894     
26            51.6065       -77.4728      -272.352     
27            38.7176       -84.4332      -324.995     
28            12.1542       -90.5149      -343.149     
29            -13.4956      -92.2861      -320.494     
30            -14.0285      -87.1103      -285.413     
31            3.15626       -74.0818      -256.955     
32            17.7502       -63.6041      -246.576     
33            24.9928       -58.5873      -251.912     
34            21.575        -57.8826      -263.291     
35            11.7737       -56.4231      -265.287     
36            6.7117        -50.4418      -254.626     
37            5.14759       -38.7809      -230.922     
38            9.68168       -25.2294      -205.921     
39            15.3428       -14.9452      -191.429     
40            16.9998       -8.07289      -185.103     
41            16.2054       -2.20154      -180.83      
42            14.5827       2.62555       -174.859     
43            11.863        9.99721       -161.123     
44            11.6177       17.3206       -144.9       
45            12.4817       24.6103       -126.348     
46            14.0956       31.137        -108.545     
47            14.412        35.9349       -93.9926     
48            13.6655       39.1552       -83.1314     
49            12.9885       42.9405       -70.4127     
50            12.3463       47.246        -54.3213     
51            12.6855       51.6172       -36.848      
52            12.8528       55.3171       -19.8579     
53            12.53         58.2814       -3.92886     
54            11.8649       60.4639       11.9892      
55            11.5632       62.0656       28.6364      
56            11.5452       63.4891       45.5935      
57            11.8562       64.4977       61.6979      
58            11.9571       64.0355       75.8142      
59            11.7606       62.0446       87.6768      
60            11.1868       58.7078       97.1087      
61            10.6662       54.205        103.947      
62            10.3228       48.3163       108.204      
63            10.1661       40.4389       109.778      
64            10.0836       30.2727       108.349      
65            10.003        19.005        103.712      
66            9.811         8.88934       94.49        
67            9.47643       3.6284        85.9234      
68            9.37879       2.90874       80.5612      
69            9.30125       4.45231       77.008       
70            9.24144       7.00256       74.4983      
71            9.19647       8.91147       69.2939      
72            9.15409       11.7879       65.7229      
73            9.09224       14.4123       64.3171      
74            9.01349       16.6664       64.6134      
75            8.94807       19.3969       67.2788      
76            8.91124       23.188        73.09        
77            8.86145       27.7949       78.7954      
78            8.77025       32.9738       83.1071      
79            8.67755       37.6782       86.7998      
80            8.60767       40.4479       91.1161      
81            8.60665       40.0921       95.7447      
82            8.50028       36.9045       99.6212      
83            8.38503       32.4576       101.919      
84            8.26162       28.9261       102.958      
85            8.15251       27.3435       103.47       
86            8.06163       27.2948       103.308      
87            7.98545       27.6828       102.288      
88            7.91621       27.5146       100.47       
89            7.84783       26.4719       98.1142      
90            7.7926        25.0337       96.4812      
91            7.74562       23.4518       95.7824      
92            7.69313       21.9415       95.3605      
93            7.63193       20.5837       94.7819      
94            7.56473       19.3273       93.7483      
95            7.49266       18.2315       92.2182      
96            7.4272        17.2129       90.3512      
97            7.36816       15.9183       88.2644      
98            7.31698       14.14         86.0565      
99            7.29493       12.1002       84.0931      
100           7.29893       10.3339       82.9186      
101           7.31907       8.94195       82.2371      
102           7.35325       8.06287       81.8667      
103           7.40003       8.33055       82.6685      
104           7.46122       9.74512       84.1692      
105           7.47878       11.411        85.1142      
106           7.4925        13.0762       85.7204      
107           7.51069       14.5708       86.0445      
108           7.53098       15.5561       85.9401      
109           7.54114       15.889        85.3386      
110           7.54107       15.6993       84.3772      
111           7.53257       15.2944       83.3528      
112           7.52103       14.9246       82.5435      
113           7.50057       14.7218       82.3171      
114           7.4875        14.8092       83.1457      
115           7.4657        15.1596       84.9383      
116           7.45881       15.6182       87.0897      
117           7.47097       16.1115       89.111       
118           7.46444       16.6331       90.7614      
119           7.45741       17.1224       91.8675      
120           7.44246       17.4786       92.2813      
121           7.42387       17.6621       92.1076      
122           7.40107       17.758        91.5548      
123           7.35408       17.6215       90.1322      
124           7.2621        16.8718       87.1071      
125           7.22099       15.9413       83.7672      
126           7.20386       15.3329       81.2823      
127           7.20024       15.0587       79.7717      
128           7.17765       14.7955       78.3548      
129           7.13239       14.4357       76.8623      
130           7.06893       14.0566       75.6129      
131           7.01057       13.788        74.9308      
132           6.9699        13.6543       74.782       
133           6.93166       13.5957       74.9238      
134           6.86434       13.6487       75.4379      
135           6.81786       13.8577       76.4696      
136           6.79145       14.0097       77.2788      
137           6.77668       14.0095       77.4945      
138           6.75098       13.9844       77.5243      
139           6.70456       13.9261       77.3243      
140           6.63303       13.7882       76.7515      
141           6.55835       13.5877       75.9059      
142           6.5154        13.4062       75.0706      
143           6.49177       13.2795       74.3692      
144           6.47053       13.1739       73.689       
145           6.44604       13.031        72.8186      
146           6.40646       12.9013       71.8911      
147           6.3649        12.8015       70.9613      
148           6.32537       12.7455       70.094       
149           6.30223       12.7604       69.3866      
150           6.29003       12.8113       68.766       
151           6.28563       12.8963       68.2454      
152           6.27347       13.0241       67.8616      
153           6.25701       13.1988       67.6219      
154           6.24022       13.417        67.4937      
155           6.22736       13.6719       67.4417      
156           6.2222        13.9497       67.4403      
157           6.22011       14.2344       67.4753      
158           6.22292       14.5245       67.5332      
159           6.21583       14.7892       67.6346      
160           6.20855       15.0606       67.7519      
161           6.19766       15.313        67.8709      
162           6.1878        15.5317       67.9688      
163           6.17943       15.7086       68.0393      
164           6.1718        15.8472       68.0962      
165           6.16406       15.9559       68.1563      
166           6.15724       16.0357       68.2203      
167           6.14889       16.0805       68.2768      
168           6.13735       16.0853       68.3173      
169           6.12538       16.0512       68.3406      
170           6.11431       15.9854       68.3572      
171           6.10436       15.8957       68.3781      
172           6.09446       15.7852       68.4056      
173           6.08364       15.6563       68.4368      
174           6.07196       15.5125       68.4713      
175           6.05402       15.3593       68.5128      
176           6.04321       15.202        68.5646      
177           6.03456       15.0452       68.6296      
178           6.03491       14.8925       68.7075      
179           6.02906       14.746        68.7958      
180           6.0149        14.6099       68.8972      
181           6.00584       14.4872       69.0113      
182           5.99759       14.3809       69.1379      
183           5.99167       14.294        69.2765      
184           5.98772       14.2276       69.4271      
185           5.98445       14.1816       69.5896      
186           5.98079       14.1562       69.7641      
187           5.97657       14.1512       69.9511      
188           5.96746       14.1668       70.1508      
189           5.96351       14.2026       70.3625      
190           5.96089       14.2578       70.5839      
191           5.95959       14.3313       70.811       
192           5.95882       14.4226       71.0417      
193           5.95776       14.5293       71.2745      
194           5.95623       14.6496       71.5108      
195           5.95438       14.7809       71.751       
196           5.95244       14.9213       71.9956      
197           5.94831       15.0679       72.2413      
198           5.94384       15.2172       72.4826      
199           5.94177       15.3658       72.7158      
200           5.94005       15.5111       72.9409      
201           5.93814       15.6516       73.1615      
202           5.93587       15.7862       73.3772      
203           5.93387       15.9156       73.5929      
204           5.932         16.0374       73.8074      
205           5.9292        16.1467       74.0134      
206           5.92472       16.239        74.2025      
207           5.92079       16.3127       74.3739      
208           5.91759       16.3692       74.5335      
209           5.91506       16.4111       74.6883      
210           5.91228       16.4391       74.8414      
211           5.9089        16.4509       74.9889      
212           5.90567       16.4439       75.1223      
213           5.90226       16.4172       75.2362      
214           5.89913       16.3748       75.3387      
215           5.89648       16.3216       75.4397      
216           5.8926        16.2595       75.5394      
217           5.88961       16.188        75.6306      
218           5.88508       16.1064       75.7072      
219           5.88172       16.0166       75.7708      
220           5.87871       15.9227       75.8293      
221           5.87571       15.8279       75.8872      
222           5.87251       15.7372       75.9541      
223           5.86947       15.6525       76.0297      
224           5.8666        15.5755       76.1109      
225           5.86415       15.5066       76.1956      
226           5.86082       15.4467       76.2751      
227           5.85844       15.3943       76.3475      
228           5.85629       15.3475       76.4208      
229           5.85465       15.3096       76.5071      
230           5.85356       15.2875       76.6158      
231           5.85279       15.2848       76.7436      
232           5.852         15.2963       76.8718      
233           5.85109       15.3141       76.9889      
234           5.85028       15.3342       77.0982      
235           5.84961       15.3875       77.3186      
236           5.84945       15.4049       77.3716      
237           5.8494        15.429        77.4342      
238           5.84641       15.4898       77.6264      
239           5.84597       15.5477       77.7931      
240           5.84824       15.5777       77.8483      
241           5.85209       15.615        77.9387      
242           5.8542        15.666        78.0947      
243           5.85371       15.7128       78.2405      
244           5.85095       15.7517       78.3567      
245           5.85053       15.7723       78.4173      
246           5.85383       15.7858       78.4743      
247           5.85635       15.7989       78.5503      
248           5.85899       15.8081       78.6286      
249           5.86119       15.812        78.6998      
250           5.86287       15.8056       78.7476      
251           5.86466       15.7927       78.7816      
252           5.86666       15.7739       78.8086      
253           5.86883       15.7506       78.8329      
254           5.8715        15.7261       78.8598      
255           5.87408       15.6963       78.8791      
256           5.8762        15.6603       78.8863      
257           5.87863       15.6243       78.8922      
258           5.88136       15.589        78.8993      
259           5.88432       15.5543       78.9079      
260           5.88743       15.5201       78.9173      
261           5.89062       15.4867       78.9272      
262           5.89382       15.4548       78.9379      
263           5.89695       15.4254       78.9505      
264           5.89985       15.3993       78.9662      
265           5.90258       15.3765       78.9854      
266           5.90534       15.3568       79.0077      
267           5.90828       15.34         79.0327      
268           5.91134       15.3263       79.0612      
269           5.91437       15.3158       79.0938      
270           5.91722       15.3084       79.1308      
271           5.91992       15.3035       79.1704      
272           5.9226        15.2997       79.2086      
273           5.9253        15.2966       79.2442      
274           5.92791       15.2946       79.2798      
275           5.93037       15.2946       79.3207      
276           5.93277       15.2968       79.3662      
277           5.93514       15.2998       79.4115      
278           5.93736       15.3026       79.4549      
279           5.93967       15.3035       79.4928      
280           5.94209       15.302        79.5239      
281           5.94429       15.2991       79.5512      
282           5.94613       15.2959       79.578       
283           5.94771       15.2922       79.6043      
284           5.94917       15.2878       79.6295      
285           5.95067       15.2824       79.653       
286           5.95231       15.2753       79.6732      
287           5.95402       15.2664       79.689       
288           5.95567       15.2557       79.7003      
289           5.95713       15.2436       79.7079      
290           5.95838       15.2307       79.7133      
291           5.95953       15.2173       79.7174      
292           5.96072       15.2036       79.721       
293           5.962         15.1897       79.7243      
294           5.96331       15.1758       79.7273      
295           5.96453       15.1618       79.7294      
296           5.96561       15.1477       79.7298      
297           5.96652       15.1338       79.7286      
298           5.96731       15.1203       79.7271      
299           5.96812       15.1076       79.7263      
300           5.96902       15.0958       79.7269      
301           5.97          15.0853       79.7292      
302           5.971         15.0758       79.7326      
303           5.97197       15.0673       79.7365      
304           5.97292       15.0595       79.7399      
305           5.97385       15.0524       79.7428      
306           5.97474       15.046        79.7458      
307           5.97559       15.0403       79.7496      
308           5.9764        15.0357       79.7549      
309           5.97724       15.0319       79.7615      
310           5.97812       15.0289       79.7679      
311           5.97899       15.0261       79.7734      
312           5.97976       15.0232       79.7775      
313           5.98044       15.0204       79.7809      
314           5.98111       15.0178       79.7844      
315           5.98186       15.0155       79.7881      
316           5.98274       15.0136       79.7916      
317           5.98368       15.0116       79.7941      
318           5.98458       15.0094       79.7951      
319           5.98537       15.0068       79.7951      
320           5.98609       15.004        79.794       
321           5.98681       15.0012       79.7923      
322           5.9876        14.9984       79.7901      
323           5.98846       14.9956       79.7875      
324           5.98933       14.9925       79.7838      
325           5.99019       14.9892       79.779       
326           5.99102       14.9856       79.7733      
327           5.99214       14.982        79.7673      
328           5.99285       14.9783       79.7609      
329           5.99361       14.9748       79.7543      
330           5.99446       14.9712       79.7473      
331           5.99538       14.9677       79.7401      
332           5.99667       14.9641       79.7325      
333           5.99766       14.9606       79.7249      
334           5.99851       14.9573       79.7174      
335           5.99923       14.9542       79.7102      
336           5.99995       14.9512       79.7029      
337           6.00076       14.9484       79.6956      
338           6.00209       14.9455       79.6881      
339           6.00326       14.9427       79.6809      
340           6.00434       14.9401       79.6739      
341           6.00562       14.9377       79.6675      
342           6.00658       14.9354       79.6611      
343           6.00748       14.9332       79.6548      
344           6.00838       14.9309       79.6482      
345           6.00968       14.9285       79.6417      
346           6.01082       14.9261       79.6353      
347           6.01193       14.9238       79.6292      
348           6.01329       14.9215       79.6233      
349           6.01436       14.9192       79.6174      
350           6.01538       14.9168       79.6114      
351           6.01666       14.9144       79.6054      
352           6.01777       14.9118       79.5993      
353           6.01914       14.9092       79.5933      
354           6.02029       14.9066       79.5873      
355           6.02157       14.904        79.5814      
356           6.02289       14.9003       79.5737      
357           6.02457       14.8966       79.5659      
358           6.02586       14.8936       79.5595      
359           6.02683       14.8924       79.5556      
360           6.02822       14.8884       79.5479      
361           6.02954       14.8847       79.5406      
362           6.03093       14.8817       79.5353      
363           6.03196       14.8802       79.5326      
364           6.03386       14.8757       79.5219      
365           6.03541       14.8714       79.5128      
366           6.0366        14.8681       79.5071      
367           6.03745       14.8665       79.5055      
368           6.03875       14.8623       79.4973      
369           6.04029       14.8582       79.4889      
370           6.04152       14.8556       79.4844      
371           6.04339       14.8512       79.4759      
372           6.04465       14.8483       79.4709      
373           6.04615       14.8441       79.4635      
374           6.04715       14.8415       79.4597      
375           6.04855       14.8376       79.4527      
376           6.04965       14.835        79.4488      
377           6.05139       14.8307       79.4406      
378           6.05259       14.828        79.4362      
379           6.05393       14.8245       79.43        
380           6.05589       14.8197       79.4209      
381           6.05698       14.8173       79.4179      
382           6.05812       14.8148       79.4142      
383           6.05978       14.8104       79.4056      
384           6.0609        14.8078       79.4016      
385           6.06208       14.8048       79.3964      
386           6.06405       14.7993       79.3862      
387           6.06532       14.7965       79.3828      
388           6.06653       14.7937       79.379       
389           6.06828       14.7896       79.3704      
390           6.06929       14.7873       79.367       
391           6.07042       14.7845       79.3623      
392           6.07214       14.7795       79.3519      
393           6.07324       14.7767       79.348       
394           6.07438       14.7736       79.3436      
395           6.07605       14.7689       79.3343      
396           6.07712       14.7663       79.3306      
397           6.07866       14.7623       79.323       
398           6.07969       14.7597       79.3197      
399           6.08125       14.7553       79.3114      
400           6.08231       14.7523       79.3074      
401           6.08386       14.7476       79.2982      
402           6.08488       14.7447       79.2943      
403           6.0864        14.7402       79.2858      
404           6.08759       14.737        79.28        
405           6.08835       14.735        79.2784      
406           6.08977       14.7312       79.2709      
407           6.09125       14.727        79.263       
408           6.09225       14.7243       79.2594      
409           6.09375       14.7199       79.2505      
410           6.09469       14.7176       79.247       
411           6.09623       14.7137       79.2376      
412           6.09718       14.7117       79.2342      
413           6.09827       14.7096       79.2297      
414           6.10011       14.7053       79.2178      
415           6.1011        14.7036       79.214       
416           6.10209       14.702        79.2099      
417           6.10376       14.6983       79.1982      
418           6.10465       14.6972       79.1948      
419           6.1056        14.696        79.1909      
420           6.1072        14.6927       79.1792      
421           6.10807       14.6918       79.1758      
422           6.10901       14.6908       79.1718      
423           6.11078       14.6873       79.1595      
424           6.11165       14.6865       79.1563      
425           6.11258       14.6855       79.1527      
426           6.11368       14.6839       79.1472      
427           6.11565       14.6794       79.1309      
428           6.11641       14.6784       79.1276      
429           6.11716       14.6773       79.1246      
430           6.11809       14.6758       79.1204      
431           6.11925       14.6737       79.1138      
432           6.12133       14.6685       79.0952      
433           6.12201       14.6674       79.0919      
434           6.12269       14.6663       79.089       
435           6.12351       14.6651       79.0857      
436           6.12461       14.6634       79.0798      
437           6.12598       14.6609       79.0705      
438           6.12749       14.6577       79.059       
439           6.12867       14.655        79.0497      
440           6.12943       14.6533       79.0442      
441           6.1302        14.6519       79.04        
442           6.13111       14.6505       79.0348      
443           6.13222       14.6489       79.0274      
444           6.13352       14.6469       79.0175      
445           6.13476       14.6446       79.0079      
446           6.1357        14.6428       79.0012      
447           6.13655       14.6413       78.9962      
448           6.13753       14.6399       78.9905      
449           6.13866       14.6387       78.9831      
450           6.13983       14.6372       78.9737      
451           6.1407        14.6356       78.9655      
452           6.14154       14.6343       78.9595      
453           6.14245       14.633        78.954       
454           6.14361       14.6317       78.9473      
455           6.1449        14.6303       78.9386      
456           6.14587       14.629        78.9294      
457           6.14668       14.6279       78.923       
458           6.14742       14.627        78.9176      
459           6.14801       14.6266       78.9114      
460           6.14884       14.6262       78.9038      
461           6.15009       14.625        78.8947      
462           6.15147       14.6233       78.8852      
463           6.15227       14.6223       78.8792      
464           6.15279       14.6219       78.8752      
465           6.15351       14.622        78.8708      
466           6.15453       14.6218       78.8634      
467           6.15559       14.6208       78.8538      
468           6.15663       14.6195       78.8455      
469           6.15728       14.6188       78.8402      
470           6.15815       14.6185       78.8352      
471           6.15918       14.6185       78.8291      
472           6.1601        14.6184       78.8213      
473           6.16102       14.6179       78.8145      
474           6.16167       14.6174       78.8091      
475           6.1625        14.6171       78.8042      
476           6.16353       14.6173       78.7985      
477           6.16438       14.6174       78.7927      
478           6.16529       14.6173       78.787       
479           6.16601       14.6171       78.782       
480           6.16677       14.617        78.7766      
481           6.16787       14.6171       78.7714      
482           6.16872       14.6173       78.7661      
483           6.16944       14.6174       78.7614      
484           6.17034       14.6175       78.7567      
485           6.17113       14.6177       78.752       
486           6.17187       14.6178       78.7469      
487           6.17285       14.6179       78.7421      
488           6.17365       14.6179       78.7373      
489           6.17438       14.6181       78.7327      
490           6.17535       14.6182       78.7281      
491           6.17613       14.6184       78.7236      
492           6.17684       14.6185       78.7191      
493           6.17771       14.6187       78.7147      
494           6.17846       14.6188       78.7104      
495           6.17916       14.6191       78.7062      
496           6.18014       14.6193       78.702       
497           6.18093       14.6195       78.6979      
498           6.18164       14.6197       78.6937      
499           6.18251       14.62         78.6898      
500           6.18326       14.6203       78.6857      
501           6.18394       14.6207       78.6819      
502           6.18481       14.621        78.6781      
503           6.18555       14.6214       78.6744      
504           6.18623       14.6219       78.6708      
505           6.18716       14.6224       78.6674      
506           6.18792       14.6229       78.6639      
507           6.1886        14.6235       78.6607      
508           6.18943       14.624        78.6575      
509           6.19014       14.6246       78.6545      
510           6.1908        14.6253       78.6513      
511           6.19164       14.6259       78.6483      
512           6.19236       14.6265       78.6453      
513           6.19302       14.6271       78.6423      
514           6.1939        14.6278       78.6394      
515           6.19462       14.6284       78.6364      
516           6.19528       14.629        78.6334      
517           6.19611       14.6297       78.6305      
518           6.19681       14.6303       78.6276      
519           6.19746       14.6309       78.6248      
520           6.19825       14.6315       78.6219      
521           6.19893       14.6321       78.619       
522           6.19956       14.6327       78.616       
523           6.20042       14.6333       78.6133      
524           6.20114       14.634        78.6105      
525           6.20178       14.6346       78.6077      
526           6.20256       14.6352       78.6049      
527           6.20321       14.6358       78.6022      
528           6.20384       14.6364       78.5995      
529           6.20463       14.6371       78.5968      
530           6.2053        14.6377       78.5941      
531           6.20592       14.6383       78.5914      
532           6.20674       14.6389       78.5887      
533           6.2076        14.6394       78.5861      
534           6.20831       14.6399       78.5831      
535           6.20911       14.6404       78.5801      
536           6.20967       14.641        78.5775      
537           6.21026       14.6416       78.5753      
538           6.21091       14.6423       78.5728      
539           6.21175       14.6429       78.57        
540           6.21244       14.6434       78.5669      
541           6.21299       14.644        78.5645      
542           6.21369       14.6447       78.5626      
543           6.21448       14.6456       78.5606      
544           6.21524       14.6466       78.5581      
545           6.216         14.6473       78.5555      
546           6.21658       14.6478       78.5531      
547           6.21719       14.6485       78.5513      
548           6.21779       14.6495       78.5496      
549           6.21861       14.6505       78.5476      
550           6.21932       14.6514       78.5453      
551           6.22008       14.652        78.5432      
552           6.22068       14.6526       78.5413      
553           6.22137       14.6535       78.5396      
554           6.22199       14.6545       78.5377      
555           6.22275       14.6554       78.5356      
556           6.22337       14.656        78.5335      
557           6.22401       14.6566       78.5317      
558           6.22468       14.6573       78.5301      
559           6.2253        14.6583       78.5283      
560           6.22609       14.6592       78.5263      
561           6.22671       14.66         78.5243      
562           6.22736       14.6605       78.5225      
563           6.22792       14.6613       78.521       
564           6.22865       14.6622       78.5193      
565           6.2293        14.6632       78.5176      
566           6.23005       14.664        78.5157      
567           6.23063       14.6647       78.5141      
568           6.23126       14.6654       78.5127      
569           6.23192       14.6663       78.5113      
570           6.23255       14.6673       78.5097      
571           6.23332       14.6683       78.5076      
572           6.23395       14.6689       78.5051      
573           6.23463       14.6692       78.5029      
574           6.23516       14.6697       78.5014      
575           6.23581       14.6706       78.5001      
576           6.23655       14.6717       78.4986      
577           6.23721       14.6728       78.4967      
578           6.23792       14.6734       78.4946      
579           6.23844       14.6738       78.4928      
580           6.23895       14.6744       78.4913      
581           6.23966       14.6754       78.4897      
582           6.24045       14.6766       78.4878      
583           6.2411        14.6775       78.4858      
584           6.2417        14.6781       78.4842      
585           6.24225       14.6787       78.483       
586           6.24281       14.6797       78.4817      
587           6.24355       14.6811       78.4803      
588           6.24431       14.6824       78.4784      
589           6.24489       14.6831       78.4767      
590           6.24545       14.6837       78.4754      
591           6.24602       14.6846       78.4744      
592           6.24669       14.686        78.4733      
593           6.24734       14.6875       78.4719      
594           6.24808       14.6886       78.4702      
595           6.24862       14.6893       78.4689      
596           6.24917       14.6899       78.4678      
597           6.24979       14.6909       78.4669      
598           6.2505        14.6924       78.4657      
599           6.25125       14.6938       78.4643      
600           6.25182       14.6948       78.4626      
601           6.25234       14.6953       78.4614      
602           6.25285       14.6959       78.4605      
603           6.25346       14.6971       78.4596      
604           6.2542        14.6986       78.4584      
605           6.25496       14.7          78.4568      
606           6.25551       14.7007       78.4552      
607           6.25602       14.7012       78.4541      
608           6.25654       14.7019       78.4533      
609           6.25718       14.7032       78.4525      
610           6.25793       14.7049       78.4514      
611           6.25868       14.7063       78.4498      
612           6.25921       14.707        78.4484      
613           6.2597        14.7075       78.4474      
614           6.26021       14.7082       78.4467      
615           6.26082       14.7096       78.446       
616           6.26157       14.7114       78.445       
617           6.26235       14.7129       78.4435      
618           6.26289       14.7135       78.4421      
619           6.26336       14.7139       78.4412      
620           6.26385       14.7146       78.4405      
621           6.26444       14.7159       78.44        
622           6.26516       14.7177       78.4392      
623           6.26593       14.7193       78.4379      
624           6.2665        14.7201       78.4364      
625           6.267         14.7204       78.4354      
626           6.26748       14.7209       78.4347      
627           6.26804       14.722        78.4341      
628           6.26871       14.7236       78.4334      
629           6.26944       14.7253       78.4323      
630           6.2701        14.7263       78.4309      
631           6.27057       14.7266       78.4299      
632           6.27104       14.727        78.4292      
633           6.27156       14.7279       78.4287      
634           6.27218       14.7294       78.4282      
635           6.27288       14.731        78.4274      
636           6.27358       14.7322       78.4262      
637           6.27414       14.7327       78.4252      
638           6.27462       14.7331       78.4245      
639           6.27513       14.7339       78.4241      
640           6.27569       14.7351       78.4237      
641           6.27631       14.7368       78.4232      
642           6.27698       14.7382       78.4224      
643           6.27759       14.739        78.4214      
644           6.27812       14.7395       78.4207      
645           6.27864       14.7401       78.4202      
646           6.2792        14.7411       78.4198      
647           6.2798        14.7425       78.4194      
648           6.28044       14.744        78.4189      
649           6.28107       14.7452       78.4183      
650           6.28165       14.746        78.4176      
651           6.28219       14.7466       78.417       
652           6.28274       14.7474       78.4166      
653           6.2833        14.7486       78.4162      
654           6.28389       14.7499       78.4158      
655           6.28449       14.7513       78.4153      
656           6.28508       14.7523       78.4147      
657           6.28566       14.7532       78.4142      
658           6.28624       14.7539       78.4136      
659           6.28681       14.7548       78.4132      
660           6.28739       14.7559       78.4128      
661           6.28797       14.7571       78.4123      
662           6.28855       14.7583       78.4118      
663           6.28912       14.7592       78.4113      
664           6.28969       14.7601       78.4107      
665           6.29026       14.761        78.4102      
666           6.29084       14.7619       78.4097      
667           6.29141       14.7629       78.4092      
668           6.29198       14.7639       78.4087      
669           6.29254       14.7649       78.4082      
670           6.29311       14.7659       78.4076      
671           6.29368       14.7668       78.4071      
672           6.29425       14.7677       78.4066      
673           6.29482       14.7686       78.4062      
674           6.29539       14.7696       78.4057      
675           6.29596       14.7706       78.4053      
676           6.29653       14.7716       78.4048      
677           6.29709       14.7725       78.4044      
678           6.29766       14.7734       78.4039      
679           6.29822       14.7744       78.4035      
680           6.29879       14.7753       78.4031      
681           6.29937       14.7763       78.4028      
682           6.29997       14.7773       78.4023      
683           6.30056       14.7783       78.4019      
684           6.30115       14.7792       78.4015      
685           6.30172       14.7801       78.4011      
686           6.30229       14.781        78.4007      
687           6.30285       14.7819       78.4003      
688           6.30342       14.7828       78.3999      
689           6.30399       14.7838       78.3995      
690           6.30456       14.7847       78.3991      
691           6.30513       14.7856       78.3987      
692           6.30571       14.7865       78.3983      
693           6.30628       14.7873       78.3979      
694           6.30686       14.7882       78.3975      
695           6.30742       14.7891       78.3971      
696           6.308         14.79         78.3967      
697           6.30857       14.7909       78.3964      
698           6.30914       14.7918       78.396       
699           6.3097        14.7927       78.3957      
700           6.31027       14.7936       78.3954      
701           6.31084       14.7945       78.3951      
702           6.31141       14.7954       78.3948      
703           6.31198       14.7963       78.3945      
704           6.31256       14.7972       78.3942      
705           6.31314       14.7981       78.394       
706           6.31373       14.799        78.3937      
707           6.3143        14.7999       78.3935      
708           6.31489       14.8008       78.3932      
709           6.31546       14.8017       78.393       
710           6.31604       14.8027       78.3928      
711           6.31661       14.8036       78.3925      
712           6.31718       14.8045       78.3923      
713           6.31775       14.8054       78.3921      
714           6.31833       14.8063       78.3919      
715           6.31892       14.8072       78.3917      
716           6.31951       14.8081       78.3915      
717           6.32009       14.8091       78.3913      
718           6.32069       14.81         78.391       
719           6.32126       14.8109       78.3908      
720           6.32184       14.8118       78.3906      
721           6.32241       14.8127       78.3904      
722           6.323         14.8136       78.3901      
723           6.32357       14.8145       78.3899      
724           6.32416       14.8154       78.3897      
725           6.32474       14.8163       78.3895      
726           6.32533       14.8172       78.3893      
727           6.32592       14.8181       78.3891      
728           6.32651       14.819        78.3888      
729           6.3271        14.8199       78.3886      
730           6.3277        14.8208       78.3884      
731           6.32828       14.8217       78.3882      
732           6.32887       14.8226       78.3879      
733           6.32944       14.8234       78.3877      
734           6.33002       14.8243       78.3875      
735           6.3306        14.8251       78.3873      
736           6.33119       14.826        78.387       
737           6.33178       14.8268       78.3868      
738           6.33238       14.8277       78.3866      
739           6.33297       14.8285       78.3863      
740           6.33357       14.8293       78.3861      
741           6.33417       14.8302       78.3859      
742           6.33476       14.831        78.3856      
743           6.33535       14.8318       78.3854      
744           6.33594       14.8326       78.3851      
745           6.33652       14.8334       78.3849      
746           6.33712       14.8343       78.3847      
747           6.33771       14.8351       78.3845      
748           6.33831       14.836        78.3843      
749           6.33891       14.8368       78.3841      
750           6.33951       14.8376       78.384       
751           6.34011       14.8385       78.3838      
752           6.34071       14.8393       78.3836      
753           6.34131       14.8402       78.3835      
754           6.3419        14.841        78.3833      
755           6.34249       14.8419       78.3832      
756           6.34309       14.8427       78.3831      
757           6.34368       14.8436       78.3829      
758           6.34429       14.8444       78.3828      
759           6.34489       14.8452       78.3826      
760           6.3455        14.846        78.3825      
761           6.34611       14.8469       78.3823      
762           6.34671       14.8476       78.3821      
763           6.34732       14.8484       78.3819      
764           6.34793       14.8492       78.3817      
765           6.34853       14.85         78.3815      
766           6.34913       14.8507       78.3813      
767           6.34971       14.8515       78.3811      
768           6.35032       14.8522       78.3808      
769           6.35092       14.853        78.3806      
770           6.35153       14.8537       78.3803      
771           6.35213       14.8544       78.3801      
772           6.35274       14.8551       78.3798      
773           6.35334       14.8558       78.3795      
774           6.35395       14.8565       78.3793      
775           6.35455       14.8572       78.3791      
776           6.35516       14.858        78.3788      
777           6.35577       14.8587       78.3786      
778           6.35638       14.8594       78.3784      
779           6.35698       14.8601       78.3782      
780           6.35759       14.8608       78.3781      
781           6.35819       14.8616       78.3779      
782           6.3588        14.8623       78.3777      
783           6.35941       14.863        78.3776      
784           6.36002       14.8637       78.3775      
785           6.36063       14.8645       78.3774      
786           6.36125       14.8652       78.3773      
787           6.36186       14.8659       78.3772      
788           6.36247       14.8667       78.3771      
789           6.36308       14.8674       78.377       
790           6.3637        14.8682       78.3769      
791           6.36433       14.8689       78.3768      
792           6.36495       14.8696       78.3766      
793           6.36557       14.8703       78.3765      
794           6.36619       14.871        78.3764      
795           6.3668        14.8718       78.3763      
796           6.36741       14.8725       78.3762      
797           6.36802       14.8732       78.3761      
798           6.36864       14.8739       78.376       
799           6.36926       14.8746       78.3759      
800           6.36988       14.8754       78.3757      
801           6.37049       14.8761       78.3756      
802           6.37111       14.8768       78.3755      
803           6.37172       14.8775       78.3754      
804           6.37234       14.8782       78.3753      
805           6.37296       14.8789       78.3752      
806           6.37358       14.8796       78.3751      
807           6.37419       14.8804       78.375       
808           6.37481       14.8811       78.3749      
809           6.37543       14.8818       78.3748      
810           6.37605       14.8825       78.3746      
811           6.37667       14.8832       78.3745      
812           6.37729       14.8839       78.3744      
813           6.37791       14.8846       78.3743      
814           6.37853       14.8852       78.3741      
815           6.37915       14.8859       78.374       
816           6.37977       14.8866       78.3738      
817           6.38038       14.8873       78.3737      
818           6.38101       14.888        78.3735      
819           6.38163       14.8886       78.3734      
820           6.38225       14.8893       78.3732      
821           6.38287       14.89         78.373       
822           6.38349       14.8906       78.3728      
823           6.38411       14.8913       78.3726      
824           6.38474       14.8919       78.3724      
825           6.38537       14.8925       78.3722      
826           6.38598       14.8932       78.372       
827           6.38659       14.8938       78.3718      
828           6.38721       14.8944       78.3716      
829           6.38782       14.8951       78.3714      
830           6.38844       14.8957       78.3712      
831           6.38907       14.8963       78.371       
832           6.3897        14.8969       78.3707      
833           6.39032       14.8975       78.3705      
834           6.39095       14.8981       78.3703      
835           6.39132       14.8985       78.3703      
836           6.39207       14.8993       78.3701      
837           6.39285       14.9002       78.3698      
838           6.39325       14.9006       78.3698      
839           6.39409       14.9014       78.3694      
840           6.39451       14.9018       78.3694      
841           6.39539       14.9025       78.369       
842           6.3962        14.9032       78.3685      
843           6.39657       14.9035       78.3686      
844           6.39724       14.9041       78.3683      
845           6.39788       14.9048       78.368       
846           6.39826       14.9052       78.3681      
847           6.39899       14.906        78.3678      
848           6.3997        14.9068       78.3676      
849           6.4001        14.9072       78.3676      
850           6.40085       14.9079       78.3674      
851           6.40127       14.9082       78.3674      
852           6.40219       14.909        78.3671      
853           6.40263       14.9094       78.3671      
854           6.40365       14.9102       78.3665      
855           6.40408       14.9106       78.3665      
856           6.40502       14.9113       78.3659      
857           6.40542       14.9116       78.3659      
858           6.4062        14.9122       78.3654      
859           6.40659       14.9126       78.3654      
860           6.40733       14.9133       78.3649      
861           6.40772       14.9137       78.3649      
862           6.40815       14.9142       78.3649      
863           6.40909       14.9153       78.3645      
864           6.40954       14.9157       78.3645      
865           6.41002       14.9161       78.3645      
866           6.41121       14.9169       78.3638      
867           6.41166       14.9173       78.3638      
868           6.41213       14.9176       78.3638      
869           6.4133        14.9183       78.3632      
870           6.41373       14.9187       78.3631      
871           6.41418       14.9191       78.3631      
872           6.41516       14.92         78.3626      
