# Probe 0 (-1 0 0)
# Probe 1 (1 0 0)
# Probe 2 (1.7 0 0)
# Time        0             1             2            
0             (0 0 0)       (0 0 0)       (0 0 0)      
1             (6.69218 0.0255666 -0.0949099) (2.06466 -0.00938592 -0.0206631) (4.44035 -0.015835 0.0512996)
2             (17.9893 0.0399492 -0.119375) (9.7152 -0.0424656 -0.0772594) (14.1426 -0.0394852 0.147894)
3             (31.0343 0.0363675 -0.0256811) (14.4854 -0.0563936 -0.0791201) (23.4502 -0.0587047 0.271184)
4             (37.731 0.0216712 0.135371) (16.7059 -0.0395773 -0.022752) (28.3497 -0.0895032 0.364426)
5             (36.246 -0.00186714 0.294549) (15.7307 -0.019092 0.00696049) (26.7227 -0.151152 0.359077)
6             (28.9326 -0.0143972 0.343353) (13.983 -0.0160521 -0.0604977) (22.2308 -0.185203 0.241077)
7             (23.0681 -0.00405926 0.221663) (13.3436 -0.0305138 -0.159714) (18.7038 -0.15469 0.0988245)
8             (23.9288 0.0163477 0.0604821) (14.3448 -0.0486844 -0.209656) (19.3358 -0.0838642 0.0496357)
9             (28.4067 0.0294239 -0.0083463) (16.0211 -0.058807 -0.204039) (22.7731 -0.0300765 0.0746548)
10            (32.1312 0.0300449 0.0297562) (17.1133 -0.0600704 -0.190168) (25.8753 -0.0252597 0.0941394)
11            (32.0559 0.0225089 0.0961589) (17.1333 -0.0584756 -0.196992) (26.4874 -0.0435149 0.0673324)
12            (29.9696 0.0151055 0.123591) (16.5229 -0.0603122 -0.223051) (25.4395 -0.0665343 0.0236496)
13            (28.2615 0.0129833 0.10313) (15.8016 -0.0656354 -0.248824) (24.2303 -0.0692558 0.00872706)
14            (28.5598 0.0131679 0.0772103) (15.4494 -0.0713777 -0.264231) (24.2792 -0.0520406 0.038605)
15            (30.0313 0.0115963 0.0797485) (15.4684 -0.0740344 -0.269505) (25.4407 -0.0300679 0.0883488)
16            (31.339 0.00727823 0.10952) (15.635 -0.0729724 -0.270976) (26.8057 -0.0193835 0.125473)
17            (31.4537 0.0034712 0.138881) (15.6466 -0.0698289 -0.270643) (27.4627 -0.0192494 0.139919)
18            (30.8917 0.00235344 0.148919) (15.4383 -0.0668245 -0.267795) (27.4547 -0.0225989 0.144741)
19            (30.4127 0.00401307 0.139033) (15.1341 -0.0640867 -0.260488) (27.2189 -0.0236868 0.154362)
20            (30.4862 0.00582281 0.125626) (14.9627 -0.0602482 -0.246129) (27.2295 -0.022295 0.176842)
21            (30.9569 0.00479241 0.120301) (15.0651 -0.0540195 -0.225335) (27.5484 -0.0214415 0.205333)
22            (31.3961 0.000785545 0.124138) (15.408 -0.045447 -0.200147) (27.941 -0.0236455 0.229028)
23            (31.5057 -0.00432396 0.127817) (15.8462 -0.0358754 -0.174313) (28.1243 -0.0280626 0.239877)
24            (31.3373 -0.00728076 0.122013) (16.2592 -0.0266868 -0.15142) (28.0088 -0.0320181 0.24067)
25            (31.1367 -0.00871217 0.10547) (16.6351 -0.0183864 -0.132564) (27.7255 -0.0337686 0.23816)
26            (31.0794 -0.00898658 0.0842627) (17.0358 -0.010659 -0.115626) (27.4632 -0.0332389 0.237685)
27            (31.1713 -0.00895778 0.0648121) (17.5386 -0.00316366 -0.0981644) (27.3328 -0.0319325 0.240497)
28            (31.2857 -0.00962276 0.0498911) (18.1696 0.00460618 -0.0796231) (27.3181 -0.0316869 0.243675)
29            (31.3051 -0.0109679 0.0379073) (18.8695 0.0111046 -0.0618748) (27.2814 -0.0331498 0.241162)
30            (31.2126 -0.012543 0.0261518) (19.5774 0.0174394 -0.0446302) (27.1255 -0.0357621 0.229221)
31            (31.0573 -0.0149461 0.0128909) (20.2595 0.0211695 -0.0340354) (26.8648 -0.0383368 0.209366)
32            (30.9453 -0.0180182 -0.00134005) (20.9 0.0214247 -0.0299847) (26.5883 -0.040368 0.184841)
33            (30.8874 -0.0206978 -0.0140136) (21.5156 0.0195533 -0.0276069) (26.3542 -0.0416979 0.160903)
34            (30.8714 -0.0219058 -0.0226849) (22.1235 0.0166226 -0.0229054) (26.2002 -0.0429206 0.140081)
35            (30.8532 -0.0218018 -0.0263475) (22.7253 0.0130306 -0.0152601) (26.1264 -0.0446408 0.121553)
36            (30.8024 -0.0211434 -0.026115) (23.3057 0.00912337 -0.00547445) (26.1066 -0.0467974 0.103365)
37            (30.7226 -0.0204378 -0.0238346) (23.844 0.00546375 0.00611434) (26.1115 -0.0486341 0.0846622)
38            (30.6327 -0.0197021 -0.0204119) (24.3238 0.00228705 0.0197858) (26.1232 -0.0491321 0.0670321)
39            (30.56 -0.0186272 -0.0167942) (24.7443 -0.000196878 0.0354003) (26.1539 -0.0477378 0.0530696)
40            (30.5128 -0.0173121 -0.0133138) (25.1159 -0.00213071 0.0521001) (26.2287 -0.0444888 0.0434512)
41            (30.4804 -0.0161001 -0.00961708) (25.4472 -0.00369098 0.0694406) (26.3624 -0.039916 0.0372402)
42            (30.4487 -0.0150762 -0.00567048) (25.7432 -0.00467313 0.0872692) (26.5521 -0.0347276 0.0329692)
43            (30.4088 -0.0142019 -0.00147967) (26.0076 -0.00473938 0.105166) (26.7765 -0.0293571 0.0292712)
44            (30.3608 -0.0134802 0.00287828) (26.243 -0.00376701 0.122704) (27.0162 -0.0237023 0.0261168)
45            (30.3138 -0.0128441 0.00691475) (26.4573 -0.00197732 0.139229) (27.2577 -0.0174756 0.0236389)
46            (30.2732 -0.0121518 0.00978199) (26.6571 0.000332549 0.154328) (27.4971 -0.010841 0.022042)
47            (30.2411 -0.0114121 0.0110624) (26.8496 0.00304291 0.167786) (27.7357 -0.00495864 0.0215345)
48            (30.2135 -0.0108096 0.0114352) (27.044 0.00603269 0.17875) (27.9768 -0.000638574 0.0221706)
49            (30.1865 -0.0104188 0.0117376) (27.246 0.0091791 0.186251) (28.2182 0.00225217 0.0240771)
50            (30.1589 -0.0101734 0.0122504) (27.4586 0.0124773 0.190051) (28.4407 0.00333504 0.0278922)
51            (30.1321 -0.00998821 0.0126536) (27.6859 0.0158772 0.190787) (28.6235 0.00307506 0.0343295)
52            (30.1089 -0.00982946 0.0123608) (27.929 0.0194996 0.190194) (28.7567 0.0020829 0.0431401)
53            (30.0884 -0.00976469 0.011157) (28.1893 0.0230622 0.187764) (28.8399 0.000713315 0.0537791)
54            (30.0687 -0.0098581 0.00924668) (28.4632 0.0263646 0.184419) (28.8767 -0.000788567 0.065725)
55            (30.0497 -0.0101204 0.00699867) (28.7467 0.0291368 0.180342) (28.8704 -0.00192657 0.0792043)
56            (30.0326 -0.0105278 0.00480902) (29.0337 0.0310575 0.175505) (28.8271 -0.0019267 0.0941599)
57            (30.0183 -0.0110198 0.00281913) (29.3152 0.0318617 0.170017) (28.7583 -0.000915484 0.109716)
58            (30.0074 -0.0115463 0.00095404) (29.5845 0.0314747 0.163993) (28.6576 0.000455244 0.124875)
59            (29.9996 -0.0120846 -0.000881088) (29.8385 0.0298193 0.157381) (28.5306 0.00214709 0.139196)
60            (29.994 -0.0126319 -0.00267709) (30.0718 0.0267437 0.149839) (28.3831 0.00432821 0.152227)
61            (29.9893 -0.0131876 -0.00429444) (30.277 0.0222083 0.140994) (28.2184 0.00689037 0.163681)
62            (29.9853 -0.013729 -0.0055571) (30.4478 0.0164651 0.13042) (28.0404 0.00973632 0.173489)
63            (29.982 -0.014248 -0.00639569) (30.583 0.0103552 0.117744) (27.8531 0.0126388 0.181653)
64            (29.9797 -0.0147811 -0.00708244) (30.6867 0.00498451 0.10284) (27.6595 0.0153871 0.188113)
65            (29.9792 -0.0153365 -0.00753698) (30.7656 0.00123206 0.0858056) (27.4627 0.0176479 0.19274)
66            (29.9807 -0.0158583 -0.00773802) (30.8223 -0.000878153 0.0659625) (27.2729 0.0191001 0.195554)
67            (29.9835 -0.0162707 -0.00761665) (30.8546 -0.00224885 0.0437337) (27.1059 0.0197598 0.197655)
68            (29.9868 -0.0165349 -0.0070986) (30.8478 -0.00350403 0.0217602) (26.9689 0.0193667 0.196999)
69            (29.9904 -0.0166577 -0.00616276) (30.7869 -0.00603144 0.0026545) (26.8614 0.0181257 0.194006)
70            (29.9934 -0.016636 -0.00494213) (30.67 -0.00925012 -0.0129505) (26.7865 0.0166736 0.189266)
71            (29.9953 -0.016466 -0.00364178) (30.5168 -0.0109967 -0.0263167) (26.7472 0.0158229 0.183554)
72            (29.996 -0.0161493 -0.00243723) (30.3649 -0.0109159 -0.0403464) (26.7489 0.0164029 0.177358)
73            (29.9954 -0.0157013 -0.00143437) (30.232 -0.0100777 -0.0511323) (26.7969 0.0189376 0.171379)
74            (29.9932 -0.0151503 -0.000704901) (30.1244 -0.00859085 -0.0550479) (26.8963 0.02355 0.166261)
75            (29.9892 -0.0145286 -0.000331122) (30.0367 -0.00678865 -0.052244) (27.0467 0.0294496 0.162352)
76            (29.9831 -0.013869 -0.000409529) (29.9515 -0.00519329 -0.0456589) (27.238 0.0349979 0.159363)
77            (29.9751 -0.0132019 -0.000991207) (29.8571 -0.00405542 -0.0380777) (27.4529 0.037639 0.156759)
78            (29.9654 -0.0125464 -0.0020338) (29.7557 -0.00349819 -0.0315919) (27.6715 0.0362748 0.155107)
79            (29.9545 -0.0118996 -0.00335416) (29.6605 -0.00327838 -0.026221) (27.8887 0.0322184 0.154859)
80            (29.9431 -0.0112474 -0.00485728) (29.5872 -0.00316174 -0.0214804) (28.0987 0.0275068 0.155445)
81            (29.932 -0.0105712 -0.00623064) (29.5447 -0.00253023 -0.0155323) (28.2913 0.0233989 0.156207)
82            (29.9218 -0.00985497 -0.00725359) (29.5321 -0.00153288 -0.00814536) (28.4572 0.0200613 0.157064)
83            (29.913 -0.00908872 -0.00780765) (29.5353 -0.000445617 0.00113499) (28.591 0.0173117 0.158214)
84            (29.9064 -0.00828062 -0.00780594) (29.5408 0.00113011 0.0107472) (28.6905 0.015072 0.159624)
85            (29.9023 -0.00744156 -0.00722056) (29.5368 0.00223764 0.0222541) (28.7541 0.0132397 0.160868)
86            (29.901 -0.00659266 -0.00609588) (29.5191 0.0030231 0.0359013) (28.7796 0.0116417 0.161398)
87            (29.9023 -0.00576154 -0.00453939) (29.4961 0.00349826 0.0503842) (28.767 0.0102045 0.160829)
88            (29.9059 -0.0049761 -0.00269422) (29.4815 0.00380674 0.0646788) (28.7185 0.00897862 0.158903)
89            (29.9114 -0.00426383 -0.000716146) (29.4865 0.00411021 0.0781924) (28.6383 0.00802469 0.155357)
90            (29.9183 -0.00364849 0.00124172) (29.5136 0.00446142 0.0906664) (28.5323 0.00730948 0.149706)
91            (29.9261 -0.00314463 0.00303695) (29.556 0.00481703 0.101724) (28.4053 0.00663719 0.140931)
92            (29.9343 -0.0027571 0.00455286) (29.602 0.00511577 0.110829) (28.2628 0.00596508 0.127836)
93            (29.9426 -0.00248543 0.00571737) (29.6404 0.00533129 0.117219) (28.1117 0.00554127 0.110602)
94            (29.9506 -0.00232791 0.00650647) (29.665 0.00544225 0.120605) (27.9578 0.00555227 0.0910213)
95            (29.9581 -0.00228111 0.00693873) (29.6755 0.00543456 0.12043) (27.8049 0.00593268 0.0709791)
96            (29.9648 -0.00233496 0.00706586) (29.6766 0.00529382 0.116282) (27.6555 0.00644064 0.0512084)
97            (29.9707 -0.00248422 0.00696154) (29.6745 0.0050542 0.107721) (27.5118 0.00685387 0.0315052)
98            (29.9758 -0.00272437 0.00670592) (29.6746 0.00463997 0.0947858) (27.3758 0.00709949 0.0115008)
99            (29.9801 -0.0030497 0.00637438) (29.6796 0.00398575 0.0779673) (27.2501 0.00723996 -0.00897251)
100           (29.9838 -0.0034528 0.00603449) (29.6887 0.00314958 0.0578682) (27.1376 0.00741136 -0.0296666)
101           (29.9869 -0.00392285 0.00574101) (29.6975 0.0022804 0.036158) (27.0408 0.00776467 -0.0499048)
102           (29.9896 -0.00444629 0.00553337) (29.7032 0.00136936 0.0133115) (26.9614 0.00838356 -0.0686079)
103           (29.9918 -0.00500705 0.00543413) (29.7018 0.000567967 -0.00844924) (26.8981 0.00924406 -0.0845952)
104           (29.9937 -0.00558698 0.00544788) (29.692 -0.000168133 -0.027472) (26.8483 0.0102416 -0.0969142)
105           (29.9953 -0.00616509 0.00556021) (29.6756 -0.000647002 -0.0427585) (26.8118 0.0112536 -0.104957)
106           (29.9966 -0.00671748 0.00573489) (29.6568 -0.000754884 -0.0539763) (26.7893 0.0121968 -0.108481)
107           (29.9976 -0.007224 0.00593549) (29.6398 -0.000619422 -0.0611314) (26.7803 0.0130332 -0.107423)
108           (29.9982 -0.0076661 0.00612755) (29.6278 -0.000469911 -0.0641952) (26.7852 0.0137742 -0.101543)
109           (29.9984 -0.00802783 0.00627852) (29.6223 -0.000376608 -0.0632771) (26.805 0.0144586 -0.0905851)
110           (29.9982 -0.00829805 0.00635916) (29.6234 -0.00036784 -0.0587233) (26.839 0.0150924 -0.0747163)
111           (29.9978 -0.00847177 0.00634848) (29.6296 -0.000384892 -0.0513415) (26.8843 0.0156313 -0.0547175)
112           (29.9972 -0.00855048 0.00623776) (29.6392 -0.00035323 -0.0422679) (26.9363 0.0160052 -0.0318402)
113           (29.9963 -0.00854214 0.0060326) (29.6504 -0.000246973 -0.0325572) (26.9896 0.0161753 -0.00759652)
114           (29.9954 -0.0084604 0.00575204) (29.6611 -6.43371e-05 -0.0230735) (27.0393 0.0161468 0.0164391)
115           (29.9942 -0.0083229 0.00542566) (29.6698 0.000177423 -0.0143652) (27.0825 0.0159689 0.0389734)
116           (29.993 -0.00814834 0.00508316) (29.676 0.000440924 -0.00664511) (27.1182 0.0157111 0.0591054)
117           (29.9919 -0.00795626 0.00475467) (29.6796 0.000682901 -5.84828e-05) (27.1472 0.0154319 0.0760494)
118           (29.9909 -0.00776171 0.00446275) (29.6806 0.000865113 0.00530414) (27.1706 0.0151526 0.0889388)
119           (29.9901 -0.00757566 0.00422002) (29.6794 0.00101031 0.00943486) (27.1891 0.0148529 0.0969395)
120           (29.9896 -0.00740871 0.00404127) (29.6762 0.00113174 0.0124678) (27.2024 0.0144929 0.0995947)
121           (29.9892 -0.00726707 0.00393679) (29.6716 0.00125669 0.0146506) (27.2103 0.014037 0.0969274)
122           (29.9891 -0.00715266 0.00390904) (29.6661 0.00140909 0.0162394) (27.2124 0.013475 0.0893167)
123           (29.9891 -0.0070637 0.00395119) (29.6605 0.00160365 0.0174368) (27.2095 0.0128383 0.0775189)
124           (29.9892 -0.00699599 0.00404708) (29.6562 0.00184242 0.0183395) (27.2052 0.0121918 0.0628187)
125           (29.9894 -0.00694632 0.00417785) (29.6545 0.00209657 0.0189065) (27.2037 0.0115875 0.0465714)
126           (29.9898 -0.00691203 0.00433085) (29.6551 0.00236284 0.0190985) (27.2066 0.0110406 0.0297406)
127           (29.9904 -0.00688659 0.00448893) (29.6577 0.00263759 0.0189279) (27.2144 0.0106062 0.0130065)
128           (29.9912 -0.00686454 0.00463441) (29.6619 0.00291126 0.0186103) (27.2258 0.0102725 -0.00297773)
129           (29.992 -0.00684203 0.0047512) (29.6679 0.00318878 0.0183786) (27.2401 0.0100263 -0.0174471)
130           (29.9928 -0.00681802 0.00483291) (29.6762 0.00346919 0.0183583) (27.2565 0.00985784 -0.0300246)
131           (29.9935 -0.00679338 0.00488252) (29.6862 0.00374592 0.0185527) (27.2736 0.00974457 -0.040884)
132           (29.9941 -0.00676927 0.00490489) (29.6975 0.00401124 0.0189059) (27.2904 0.00966055 -0.0503718)
133           (29.9947 -0.00674515 0.00489924) (29.7096 0.00425902 0.0193576) (27.3066 0.00959571 -0.0586632)
134           (29.9952 -0.00671861 0.00485848) (29.7221 0.00448089 0.0198631) (27.3224 0.00955708 -0.0657769)
135           (29.9956 -0.00668854 0.00477536) (29.7344 0.00467041 0.0203832) (27.3373 0.00955246 -0.0717328)
136           (29.9959 -0.00665724 0.00465546) (29.746 0.00482584 0.0208522) (27.3512 0.0095857 -0.0765246)
137           (29.9964 -0.00662564 0.00450957) (29.757 0.00494525 0.0211821) (27.3651 0.00966788 -0.0800836)
138           (29.9969 -0.00659356 0.00434743) (29.7673 0.00502701 0.0213101) (27.3798 0.00980399 -0.082463)
139           (29.9974 -0.00656012 0.00417326) (29.7767 0.00507456 0.0212386) (27.3952 0.0099728 -0.0838972)
140           (29.998 -0.00652505 0.00398735) (29.785 0.00509293 0.0209812) (27.4109 0.0101501 -0.0845177)
141           (29.9986 -0.00648897 0.0037905) (29.7925 0.00508304 0.0205281) (27.4272 0.0103285 -0.0843622)
142           (29.9992 -0.0064538 0.00358838) (29.7991 0.00504277 0.0198572) (27.4442 0.0105076 -0.0835077)
143           (29.9999 -0.00642106 0.00339068) (29.8049 0.00497102 0.0189785) (27.4618 0.0106812 -0.0821214)
144           (30.0008 -0.00638945 0.00320152) (29.8095 0.00486951 0.0179346) (27.4802 0.0108418 -0.0803727)
145           (30.0018 -0.00635759 0.00301992) (29.8129 0.00473755 0.0167693) (27.5 0.0109864 -0.0783712)
146           (30.0029 -0.00632522 0.00284571) (29.8152 0.00457776 0.015507) (27.5217 0.0111105 -0.0761212)
147           (30.0041 -0.00629244 0.0026823) (29.8163 0.00439318 0.0141503) (27.5455 0.011213 -0.0734943)
148           (30.0054 -0.00626011 0.00253557) (29.8162 0.0041891 0.0126932) (27.5711 0.0112882 -0.070484)
149           (30.0067 -0.00622875 0.00240943) (29.8148 0.00397573 0.011143) (27.5982 0.011329 -0.06717)
150           (30.0082 -0.00619846 0.00230338) (29.8123 0.00376243 0.00952544) (27.6262 0.0113319 -0.0636492)
151           (30.0097 -0.00616998 0.00221543) (29.8085 0.00355759 0.00788313) (27.6545 0.0112888 -0.0600059)
152           (30.0113 -0.00614327 0.00214342) (29.8038 0.0033659 0.0062647) (27.6828 0.0111941 -0.0562395)
153           (30.0131 -0.00611756 0.00208503) (29.7983 0.00318847 0.00471347) (27.711 0.0110467 -0.0523237)
154           (30.0148 -0.0060929 0.00204098) (29.792 0.00302608 0.00326308) (27.739 0.0108472 -0.0482605)
155           (30.0166 -0.00606965 0.00201327) (29.7853 0.00287913 0.00193244) (27.7667 0.010596 -0.044096)
156           (30.0184 -0.00604806 0.00200236) (29.7782 0.00274936 0.000727901) (27.794 0.0102948 -0.0399076)
157           (30.0202 -0.00602814 0.00200591) (29.771 0.00263891 -0.000351663) (27.8207 0.00994834 -0.0357782)
158           (30.0221 -0.00600997 0.00202001) (29.7637 0.00255081 -0.00131904) (27.8464 0.00956541 -0.0317799)
159           (30.024 -0.00599345 0.00204144) (29.7567 0.00248679 -0.00218541) (27.8708 0.00915674 -0.0279689)
160           (30.0259 -0.0059785 0.00206839) (29.75 0.0024496 -0.00295499) (27.8936 0.00873394 -0.0243891)
161           (30.0278 -0.00596534 0.0021006) (29.7438 0.00244139 -0.00363387) (27.9146 0.00830346 -0.0210709)
162           (30.0297 -0.00595389 0.002138) (29.7382 0.00246152 -0.00422734) (27.9339 0.00786931 -0.0180491)
163           (30.0316 -0.00594407 0.0021799) (29.7335 0.00250927 -0.00474306) (27.9511 0.00743297 -0.0153569)
164           (30.0335 -0.00593583 0.0022249) (29.7297 0.00258038 -0.00519383) (27.9664 0.00699492 -0.0130127)
165           (30.0353 -0.00592909 0.00227127) (29.7268 0.0026724 -0.00559642) (27.9794 0.00655688 -0.0110189)
166           (30.0371 -0.00592377 0.00231753) (29.7248 0.00277287 -0.0059629) (27.9903 0.00612355 -0.00936957)
167           (30.0388 -0.00591982 0.00236286) (29.7238 0.00287673 -0.00630302) (27.9988 0.0057027 -0.00805864)
168           (30.0406 -0.00591721 0.00240714) (29.7237 0.00297972 -0.00661904) (28.0049 0.00530377 -0.00708393)
169           (30.0423 -0.00591592 0.00245023) (29.7244 0.00307996 -0.0069146) (28.0088 0.00493567 -0.00644255)
170           (30.0439 -0.00591584 0.0024914) (29.7259 0.00317717 -0.00719448) (28.0103 0.00460493 -0.00612503)
171           (30.0456 -0.00591689 0.00252973) (29.7281 0.0032715 -0.00746402) (28.0098 0.00431493 -0.00610992)
172           (30.0471 -0.00591899 0.00256458) (29.7309 0.00336296 -0.00772708) (28.0071 0.00406646 -0.00636765)
173           (30.0487 -0.00592206 0.00259573) (29.7341 0.00345128 -0.0079878) (28.0025 0.00385866 -0.00686866)
174           (30.0502 -0.00592603 0.0026232) (29.7377 0.00353588 -0.00825055) (27.9961 0.0036895 -0.00758847)
175           (30.0516 -0.00593094 0.00264722) (29.7416 0.00361634 -0.00851833) (27.9882 0.00355662 -0.0085041)
176           (30.053 -0.00593676 0.00266774) (29.7455 0.00369273 -0.00879247) (27.9789 0.00345808 -0.00959153)
177           (30.0543 -0.00594336 0.0026846) (29.7495 0.00376547 -0.00907407) (27.9684 0.00339302 -0.0108253)
178           (30.0556 -0.00595065 0.00269764) (29.7533 0.00383513 -0.00936442) (27.9569 0.00336138 -0.0121823)
179           (30.0569 -0.00595858 0.00270701) (29.7569 0.00390019 -0.00966408) (27.9448 0.00336305 -0.0136442)
180           (30.0581 -0.00596725 0.00271335) (29.7601 0.00396034 -0.00997483) (27.9321 0.00339672 -0.0151951)
181           (30.0593 -0.00597664 0.00271718) (29.7629 0.00401906 -0.0102952) (27.9193 0.00345986 -0.016817)
182           (30.0604 -0.00598662 0.00271889) (29.7653 0.00407611 -0.010627) (27.9064 0.00354948 -0.0184915)
183           (30.0615 -0.00599719 0.00271859) (29.7671 0.00413218 -0.0109716) (27.8937 0.0036604 -0.0202013)
184           (30.0625 -0.00600837 0.00271601) (29.7683 0.00418801 -0.0113273) (27.8814 0.00378637 -0.0219301)
185           (30.0634 -0.00602018 0.00271099) (29.7688 0.00424498 -0.0116919) (27.8695 0.00392071 -0.0236658)
186           (30.0644 -0.00603259 0.00270368) (29.7687 0.004304 -0.0120657) (27.8583 0.00405766 -0.0254015)
187           (30.0652 -0.00604559 0.00269452) (29.7679 0.00436552 -0.0124486) (27.8477 0.00419296 -0.0271305)
188           (30.066 -0.00605919 0.00268399) (29.7665 0.00443002 -0.0128383) (27.8379 0.00432385 -0.0288411)
189           (30.0668 -0.00607342 0.00267216) (29.7645 0.00449747 -0.0132295) (27.8288 0.00444883 -0.0305165)
190           (30.0675 -0.0060883 0.00265873) (29.7618 0.00456752 -0.0136151) (27.8206 0.00456721 -0.0321395)
191           (30.0681 -0.00610385 0.00264348) (29.7585 0.00463984 -0.0139886) (27.8131 0.00467856 -0.0336994)
192           (30.0687 -0.00612006 0.00262627) (29.7548 0.00471414 -0.0143455) (27.8064 0.00478249 -0.0351898)
193           (30.0692 -0.00613694 0.00260727) (29.7506 0.00478993 -0.0146633) (27.8005 0.00487866 -0.0366043)
194           (30.0697 -0.00615445 0.00258683) (29.7461 0.00486623 -0.0149503) (27.7953 0.00496689 -0.0379359)
195           (30.0702 -0.00617259 0.0025653) (29.7413 0.00494261 -0.0152243) (27.7908 0.00504733 -0.0391781)
196           (30.0706 -0.00619137 0.0025429) (29.7363 0.00501922 -0.0154396) (27.7869 0.00512064 -0.0403274)
197           (30.0709 -0.00621082 0.00251971) (29.7313 0.00509593 -0.0155957) (27.7834 0.00518792 -0.0413834)
198           (30.0712 -0.00623099 0.00249582) (29.7263 0.00517199 -0.0156992) (27.7804 0.00525056 -0.0423458)
199           (30.0714 -0.00625186 0.00247126) (29.7214 0.00524679 -0.0157432) (27.7777 0.0053102 -0.0432144)
200           (30.0715 -0.0062734 0.00244618) (29.7168 0.00531978 -0.0157201) (27.7752 0.00536891 -0.0439882)
201           (30.0716 -0.00629554 0.00242087) (29.7126 0.00539013 -0.0156317) (27.7729 0.00542871 -0.0446688)
202           (30.0717 -0.0063182 0.00239561) (29.7087 0.00545672 -0.0154994) (27.7706 0.00549065 -0.0452621)
203           (30.0716 -0.00634133 0.00237057) (29.7053 0.00551849 -0.015293) (27.7682 0.00555549 -0.0457749)
204           (30.0716 -0.00636487 0.00234584) (29.7024 0.00557501 -0.0150001) (27.7658 0.00562419 -0.0462134)
205           (30.0714 -0.00638876 0.00232161) (29.7001 0.00562629 -0.014666) (27.763 0.00569783 -0.0465841)
206           (30.0712 -0.00641294 0.00229817) (29.6984 0.00567192 -0.014305) (27.76 0.00577766 -0.046895)
207           (30.071 -0.00643731 0.00227577) (29.6972 0.00571187 -0.0139213) (27.7567 0.00586474 -0.0471555)
208           (30.0707 -0.00646174 0.00225446) (29.6967 0.0057465 -0.0135197) (27.753 0.00595964 -0.0473767)
209           (30.0703 -0.00648608 0.00223432) (29.6967 0.00577601 -0.0131059) (27.749 0.00606266 -0.0475695)
210           (30.0699 -0.00651014 0.00221544) (29.6973 0.00580061 -0.0126875) (27.7444 0.00617419 -0.0477425)
211           (30.0695 -0.0065337 0.00219798) (29.6984 0.00582027 -0.0122718) (27.7394 0.00629474 -0.0479024)
212           (30.069 -0.00655661 0.00218211) (29.6999 0.00583518 -0.0118653) (27.734 0.00642462 -0.048055)
213           (30.0684 -0.00657864 0.00216797) (29.7019 0.00584573 -0.0114747) (27.7281 0.00656369 -0.0482063)
214           (30.0678 -0.00659953 0.00215555) (29.7042 0.00585242 -0.0111059) (27.7218 0.00671148 -0.0483643)
215           (30.0671 -0.006619 0.00214478) (29.7068 0.00585583 -0.0107636) (27.7151 0.00686729 -0.0485373)
216           (30.0665 -0.00663678 0.00213565) (29.7097 0.00585649 -0.0104491) (27.7081 0.00703015 -0.0487315)
217           (30.0657 -0.00665263 0.00212818) (29.7128 0.00585484 -0.0101613) (27.7008 0.00719891 -0.0489499)
218           (30.065 -0.00666627 0.00212236) (29.7159 0.00585135 -0.00989847) (27.6933 0.00737232 -0.0491932)
219           (30.0642 -0.00667743 0.00211812) (29.7191 0.0058462 -0.00965915) (27.6856 0.00754896 -0.0494617)
220           (30.0634 -0.00668583 0.0021153) (29.7222 0.00583965 -0.00944171) (27.6779 0.00772722 -0.0497562)
221           (30.0626 -0.00669121 0.00211382) (29.7253 0.00583268 -0.00924544) (27.6701 0.00790552 -0.0500772)
222           (30.0617 -0.00669338 0.00211359) (29.7283 0.00582531 -0.00906874) (27.6624 0.00808226 -0.0504243)
223           (30.0609 -0.00669215 0.00211436) (29.731 0.00581785 -0.00890619) (27.6547 0.00825578 -0.0507956)
224           (30.06 -0.00668742 0.00211596) (29.7336 0.00581056 -0.00875316) (27.6471 0.00842485 -0.0511885)
225           (30.0592 -0.00667913 0.00211826) (29.7358 0.00580301 -0.00860562) (27.6397 0.00858824 -0.0515999)
226           (30.0584 -0.00666731 0.00212121) (29.7377 0.00579469 -0.00845882) (27.6324 0.00874465 -0.0520238)
227           (30.0576 -0.00665216 0.0021248) (29.7394 0.00578585 -0.00830743) (27.6255 0.00889297 -0.0524526)
228           (30.0568 -0.00663401 0.00212909) (29.7408 0.00577763 -0.00814685) (27.619 0.0090319 -0.0528808)
229           (30.056 -0.0066132 0.00213382) (29.7419 0.00577114 -0.00797461) (27.6128 0.0091599 -0.0533069)
230           (30.0553 -0.00659012 0.00213846) (29.7427 0.00576686 -0.00778946) (27.607 0.00927586 -0.0537306)
231           (30.0546 -0.00656527 0.00214255) (29.7432 0.00576466 -0.00758954) (27.6016 0.00937969 -0.0541489)
232           (30.0539 -0.00653925 0.00214594) (29.7434 0.00576416 -0.00737214) (27.5965 0.00947195 -0.0545562)
233           (30.0533 -0.00651277 0.00214873) (29.7433 0.00576493 -0.00713462) (27.5919 0.0095531 -0.0549464)
234           (30.0528 -0.00648653 0.00215109) (29.7431 0.00576657 -0.00687591) (27.5878 0.00962285 -0.0553174)
235           (30.0523 -0.00646123 0.00215283) (29.7427 0.0057689 -0.00659796) (27.5841 0.00968078 -0.0556713)
236           (30.0518 -0.00643745 0.00215364) (29.7422 0.00577228 -0.00630476) (27.5807 0.00972695 -0.0560065)
237           (30.0514 -0.00641572 0.00215347) (29.7416 0.00577642 -0.00600331) (27.5779 0.00976294 -0.056312)
238           (30.051 -0.0063964 0.00215226) (29.741 0.00578083 -0.00570121) (27.5754 0.00978902 -0.0566016)
239           (30.0507 -0.00637981 0.00215006) (29.7404 0.00578552 -0.00540186) (27.5732 0.00980556 -0.0568826)
240           (30.0504 -0.00636625 0.00214743) (29.7398 0.00579061 -0.00510301) (27.5713 0.00981392 -0.0571392)
241           (30.0501 -0.00635569 0.00214439) (29.7393 0.00579586 -0.00480437) (27.5699 0.00981599 -0.0573594)
242           (30.0499 -0.00634783 0.00214011) (29.7389 0.00580121 -0.00450926) (27.5686 0.00981281 -0.0575501)
243           (30.0497 -0.00634233 0.00213377) (29.7386 0.00580623 -0.00422238) (27.5674 0.00980604 -0.0577133)
244           (30.0495 -0.00633925 0.00212603) (29.7384 0.00581069 -0.00394837) (27.5664 0.00979626 -0.0578493)
245           (30.0493 -0.00633856 0.00211799) (29.7384 0.00581445 -0.003693) (27.5654 0.00978382 -0.0579546)
246           (30.0492 -0.00633992 0.00210978) (29.7384 0.0058175 -0.00346156) (27.5645 0.00976884 -0.0580268)
247           (30.049 -0.00634309 0.00210139) (29.7387 0.00581975 -0.00325782) (27.5637 0.00975305 -0.0580626)
248           (30.0489 -0.00634752 0.00209191) (29.7391 0.00582065 -0.0030817) (27.5629 0.00973825 -0.058062)
249           (30.0488 -0.00635295 0.00208094) (29.7397 0.00582032 -0.00292961) (27.562 0.00972422 -0.0580271)
250           (30.0487 -0.00635925 0.00206891) (29.7404 0.0058191 -0.00279806) (27.561 0.00971074 -0.0579568)
251           (30.0486 -0.00636629 0.00205658) (29.7412 0.00581724 -0.00268522) (27.56 0.00969811 -0.0578488)
252           (30.0485 -0.00637391 0.00204436) (29.7422 0.0058145 -0.00259148) (27.5588 0.00968801 -0.0577)
253           (30.0484 -0.0063819 0.00203208) (29.7432 0.00581049 -0.00251824) (27.5576 0.00968103 -0.0575152)
254           (30.0483 -0.00639009 0.00201929) (29.7443 0.00580522 -0.00246615) (27.5562 0.00967662 -0.0572992)
255           (30.0482 -0.00639837 0.00200574) (29.7455 0.00579895 -0.00243467) (27.5548 0.00967423 -0.0570542)
256           (30.0481 -0.00640667 0.00199167) (29.7468 0.00579218 -0.00242217) (27.5532 0.00967324 -0.0567842)
257           (30.048 -0.00641492 0.00197743) (29.7481 0.00578504 -0.00242543) (27.5516 0.00967354 -0.0564912)
258           (30.0479 -0.00642305 0.00196322) (29.7494 0.00577732 -0.00243989) (27.5498 0.00967591 -0.0561764)
259           (30.0478 -0.00643097 0.00194907) (29.7507 0.00576907 -0.00246117) (27.548 0.00968063 -0.0558446)
260           (30.0477 -0.00643859 0.00193495) (29.752 0.00576049 -0.00248593) (27.5462 0.00968706 -0.0555017)
261           (30.0476 -0.0064459 0.00192085) (29.7532 0.00575175 -0.0025118) (27.5444 0.00969431 -0.0551516)
262           (30.0475 -0.00645289 0.00190684) (29.7544 0.00574299 -0.0025369) (27.5426 0.00970179 -0.0547967)
263           (30.0474 -0.00645957 0.00189298) (29.7556 0.00573436 -0.00255955) (27.5408 0.00970929 -0.0544389)
264           (30.0473 -0.00646592 0.00187934) (29.7566 0.00572608 -0.00257843) (27.539 0.00971673 -0.0540815)
265           (30.0472 -0.00647191 0.00186596) (29.7577 0.00571835 -0.00259251) (27.5373 0.00972387 -0.0537293)
266           (30.0471 -0.00647752 0.00185289) (29.7586 0.00571121 -0.00260082) (27.5356 0.00973026 -0.0533874)
267           (30.0469 -0.00648277 0.00184019) (29.7595 0.00570464 -0.0026022) (27.5341 0.0097354 -0.0530598)
268           (30.0468 -0.00648765 0.00182786) (29.7603 0.00569855 -0.00259531) (27.5326 0.0097389 -0.0527492)
269           (30.0467 -0.00649218 0.00181591) (29.761 0.00569296 -0.00257882) (27.5313 0.00974061 -0.0524571)
270           (30.0466 -0.00649635 0.00180437) (29.7617 0.00568795 -0.00255179) (27.53 0.00974046 -0.052185)
271           (30.0465 -0.00650018 0.00179328) (29.7622 0.00568361 -0.00251402) (27.5289 0.00973842 -0.0519338)
272           (30.0464 -0.00650368 0.00178265) (29.7628 0.00567994 -0.00246625) (27.5279 0.00973439 -0.0517046)
273           (30.0463 -0.00650685 0.00177252) (29.7633 0.00567689 -0.00240981) (27.527 0.0097283 -0.0514982)
274           (30.0462 -0.00650971 0.00176296) (29.7637 0.00567438 -0.00234634) (27.5262 0.00972015 -0.0513155)
275           (30.0461 -0.00651228 0.00175401) (29.7641 0.00567237 -0.0022775) (27.5255 0.00971005 -0.0511574)
276           (30.046 -0.00651458 0.0017457) (29.7645 0.00567086 -0.00220479) (27.525 0.00969811 -0.051024)
277           (30.0458 -0.00651662 0.00173799) (29.7648 0.00566981 -0.0021295) (27.5245 0.00968449 -0.0509143)
278           (30.0457 -0.00651843 0.00173085) (29.7652 0.00566915 -0.00205295) (27.524 0.00966942 -0.0508267)
279           (30.0456 -0.00652001 0.00172424) (29.7655 0.00566879 -0.00197651) (27.5236 0.00965318 -0.0507596)
280           (30.0455 -0.00652138 0.00171812) (29.7659 0.00566863 -0.00190169) (27.5233 0.00963602 -0.0507111)
281           (30.0454 -0.00652254 0.00171251) (29.7663 0.00566857 -0.00183004) (27.523 0.00961821 -0.0506793)
282           (30.0453 -0.00652352 0.00170743) (29.7666 0.00566854 -0.00176307) (27.5228 0.00959992 -0.0506621)
283           (30.0452 -0.00652433 0.00170287) (29.767 0.00566855 -0.00170201) (27.5226 0.00958126 -0.0506576)
284           (30.0451 -0.00652498 0.00169879) (29.7675 0.00566861 -0.00164785) (27.5225 0.00956239 -0.0506637)
285           (30.0451 -0.00652549 0.00169512) (29.7679 0.00566869 -0.00160136) (27.5223 0.00954352 -0.0506788)
286           (30.045 -0.00652587 0.00169177) (29.7684 0.00566875 -0.0015631) (27.5221 0.00952492 -0.0507011)
287           (30.0449 -0.00652614 0.00168874) (29.7689 0.00566872 -0.00153336) (27.522 0.00950681 -0.0507288)
288           (30.0448 -0.00652631 0.00168606) (29.7694 0.00566859 -0.00151224) (27.5218 0.00948937 -0.0507588)
289           (30.0447 -0.0065264 0.00168374) (29.7699 0.00566832 -0.00149959) (27.5216 0.00947271 -0.0507884)
290           (30.0446 -0.0065264 0.0016818) (29.7704 0.00566794 -0.00149509) (27.5214 0.00945687 -0.0508155)
291           (30.0445 -0.00652633 0.00168018) (29.771 0.00566744 -0.00149818) (27.5212 0.00944181 -0.0508388)
292           (30.0445 -0.00652618 0.00167883) (29.7716 0.00566684 -0.00150817) (27.521 0.00942753 -0.0508575)
293           (30.0444 -0.00652598 0.00167772) (29.7721 0.00566617 -0.0015242) (27.5208 0.00941409 -0.0508707)
294           (30.0443 -0.00652572 0.00167686) (29.7727 0.00566546 -0.00154541) (27.5205 0.00940156 -0.0508778)
295           (30.0443 -0.00652542 0.00167622) (29.7732 0.00566475 -0.00157085) (27.5203 0.00938999 -0.0508782)
296           (30.0442 -0.0065251 0.00167576) (29.7738 0.00566407 -0.00159955) (27.52 0.00937937 -0.0508718)
297           (30.0441 -0.00652474 0.0016754) (29.7743 0.00566345 -0.0016306) (27.5198 0.00936964 -0.050859)
298           (30.0441 -0.00652435 0.00167508) (29.7748 0.00566289 -0.00166307) (27.5195 0.00936065 -0.0508403)
299           (30.044 -0.00652392 0.00167475) (29.7753 0.00566243 -0.00169601) (27.5193 0.00935231 -0.0508163)
300           (30.0439 -0.00652346 0.00167438) (29.7757 0.00566208 -0.00172846) (27.5191 0.00934454 -0.0507872)
301           (30.0439 -0.00652297 0.00167395) (29.7761 0.00566187 -0.0017595) (27.5189 0.00933735 -0.0507538)
302           (30.0438 -0.00652247 0.00167346) (29.7765 0.00566182 -0.00178842) (27.5187 0.00933072 -0.0507172)
303           (30.0438 -0.00652195 0.0016729) (29.7769 0.00566195 -0.00181467) (27.5185 0.00932462 -0.0506787)
304           (30.0437 -0.00652142 0.00167223) (29.7772 0.00566226 -0.00183786) (27.5184 0.00931898 -0.0506398)
305           (30.0437 -0.00652088 0.00167141) (29.7774 0.00566272 -0.00185771) (27.5183 0.0093137 -0.0506017)
306           (30.0436 -0.00652033 0.00167042) (29.7777 0.00566331 -0.00187402) (27.5182 0.00930868 -0.0505651)
307           (30.0436 -0.00651976 0.00166927) (29.7779 0.00566402 -0.00188662) (27.5181 0.00930382 -0.0505309)
308           (30.0435 -0.00651919 0.00166797) (29.778 0.00566484 -0.00189537) (27.5181 0.00929911 -0.0504996)
309           (30.0435 -0.0065186 0.00166652) (29.7782 0.00566575 -0.00190024) (27.5181 0.00929454 -0.0504718)
310           (30.0435 -0.00651802 0.00166491) (29.7783 0.00566675 -0.0019013) (27.5182 0.00929017 -0.0504479)
311           (30.0434 -0.00651743 0.00166311) (29.7783 0.00566781 -0.00189879) (27.5182 0.009286 -0.0504284)
312           (30.0434 -0.00651683 0.00166114) (29.7784 0.0056689 -0.00189304) (27.5183 0.00928203 -0.0504137)
313           (30.0434 -0.00651624 0.00165905) (29.7784 0.00566996 -0.00188452) (27.5185 0.00927823 -0.0504045)
314           (30.0433 -0.00651563 0.00165693) (29.7784 0.00567097 -0.00187371) (27.5186 0.00927457 -0.0504012)
315           (30.0433 -0.00651502 0.00165483) (29.7783 0.00567191 -0.00186104) (27.5188 0.00927106 -0.0504034)
316           (30.0433 -0.00651441 0.00165278) (29.7783 0.00567276 -0.00184687) (27.519 0.00926775 -0.0504106)
317           (30.0432 -0.00651379 0.00165078) (29.7782 0.00567349 -0.00183158) (27.5192 0.00926472 -0.050422)
318           (30.0432 -0.00651317 0.00164881) (29.7781 0.00567409 -0.00181559) (27.5194 0.00926201 -0.0504377)
319           (30.0432 -0.00651255 0.00164684) (29.778 0.00567454 -0.00179943) (27.5196 0.00925962 -0.0504574)
320           (30.0431 -0.00651193 0.00164483) (29.7779 0.00567482 -0.0017836) (27.5198 0.00925756 -0.050481)
321           (30.0431 -0.00651131 0.0016428) (29.7778 0.00567494 -0.0017685) (27.5201 0.00925583 -0.0505076)
322           (30.0431 -0.00651069 0.00164074) (29.7776 0.00567489 -0.00175449) (27.5203 0.00925445 -0.0505361)
323           (30.0431 -0.00651007 0.00163869) (29.7775 0.00567469 -0.00174186) (27.5205 0.00925345 -0.0505658)
324           (30.0431 -0.00650946 0.00163665) (29.7773 0.00567433 -0.0017309) (27.5207 0.00925287 -0.0505962)
325           (30.043 -0.00650885 0.00163468) (29.7772 0.00567384 -0.00172181) (27.5209 0.00925271 -0.0506269)
326           (30.043 -0.00650825 0.00163283) (29.777 0.00567322 -0.00171471) (27.5211 0.00925296 -0.0506575)
327           (30.043 -0.00650766 0.00163115) (29.7768 0.00567248 -0.00170967) (27.5213 0.0092536 -0.0506874)
328           (30.043 -0.00650707 0.0016297) (29.7766 0.00567165 -0.00170666) (27.5215 0.00925458 -0.0507161)
329           (30.043 -0.0065065 0.0016285) (29.7764 0.00567075 -0.00170558) (27.5217 0.0092559 -0.0507433)
330           (30.043 -0.00650595 0.00162749) (29.7762 0.00566978 -0.00170623) (27.5218 0.00925754 -0.0507685)
331           (30.0429 -0.00650541 0.00162667) (29.7759 0.00566877 -0.00170837) (27.522 0.00925947 -0.0507915)
332           (30.0429 -0.00650488 0.00162604) (29.7757 0.00566774 -0.00171171) (27.5221 0.00926168 -0.0508121)
333           (30.0429 -0.00650436 0.00162561) (29.7755 0.00566669 -0.00171593) (27.5222 0.00926412 -0.0508304)
334           (30.0429 -0.00650382 0.00162528) (29.7752 0.00566564 -0.00172064) (27.5223 0.00926677 -0.0508465)
335           (30.0429 -0.00650328 0.00162502) (29.7749 0.00566462 -0.00172547) (27.5224 0.0092696 -0.0508606)
336           (30.0429 -0.00650277 0.00162485) (29.7746 0.00566362 -0.00173004) (27.5224 0.00927255 -0.0508729)
337           (30.0429 -0.0065023 0.00162478) (29.7743 0.00566267 -0.00173396) (27.5225 0.0092756 -0.0508835)
338           (30.0429 -0.00650186 0.00162477) (29.774 0.00566176 -0.00173687) (27.5226 0.00927871 -0.0508926)
339           (30.0429 -0.00650143 0.00162478) (29.7737 0.00566092 -0.00173844) (27.5226 0.00928186 -0.0509003)
340           (30.0428 -0.00650097 0.00162469) (29.7734 0.00566014 -0.0017384) (27.5226 0.00928503 -0.050907)
341           (30.0428 -0.00650051 0.00162458) (29.7731 0.00565945 -0.00173654) (27.5226 0.0092882 -0.0509132)
342           (30.0428 -0.00650007 0.00162456) (29.7727 0.00565884 -0.0017327) (27.5227 0.00929135 -0.0509193)
343           (30.0428 -0.00649963 0.00162463) (29.7724 0.00565831 -0.00172674) (27.5227 0.00929447 -0.0509255)
344           (30.0428 -0.0064992 0.0016247) (29.7721 0.00565788 -0.00171858) (27.5227 0.00929755 -0.050932)
345           (30.0428 -0.00649878 0.00162475) (29.7717 0.00565754 -0.00170818) (27.5227 0.00930059 -0.0509389)
346           (30.0428 -0.00649838 0.00162476) (29.7714 0.00565728 -0.00169555) (27.5226 0.0093036 -0.0509464)
347           (30.0428 -0.00649795 0.00162467) (29.771 0.00565712 -0.00168079) (27.5226 0.00930659 -0.0509551)
348           (30.0428 -0.00649751 0.00162455) (29.7707 0.00565705 -0.00166402) (27.5226 0.00930956 -0.0509651)
349           (30.0428 -0.00649707 0.00162451) (29.7703 0.00565706 -0.00164544) (27.5226 0.00931252 -0.0509766)
350           (30.0428 -0.00649661 0.00162454) (29.77 0.00565716 -0.00162529) (27.5225 0.00931545 -0.0509897)
351           (30.0428 -0.00649615 0.00162462) (29.7696 0.00565732 -0.00160385) (27.5224 0.00931837 -0.0510043)
352           (30.0428 -0.00649572 0.00162471) (29.7693 0.00565755 -0.00158149) (27.5224 0.00932128 -0.0510202)
353           (30.0428 -0.0064953 0.0016247) (29.7689 0.00565783 -0.00155859) (27.5223 0.00932418 -0.0510374)
354           (30.0428 -0.00649492 0.00162457) (29.7686 0.00565814 -0.00153553) (27.5222 0.00932707 -0.0510559)
355           (30.0428 -0.0064946 0.00162429) (29.7682 0.00565848 -0.00151267) (27.5221 0.00932996 -0.0510756)
356           (30.0428 -0.00649437 0.00162399) (29.7679 0.00565885 -0.00149035) (27.522 0.00933295 -0.0510963)
357           (30.0428 -0.00649426 0.00162371) (29.7676 0.00565925 -0.00146888) (27.5219 0.00933582 -0.0511177)
358           (30.0428 -0.00649427 0.0016234) (29.7672 0.00565963 -0.00144874) (27.5218 0.00933859 -0.05114)
359           (30.0428 -0.00649434 0.00162296) (29.7669 0.00565989 -0.00143021) (27.5216 0.0093414 -0.0511628)
360           (30.0428 -0.00649447 0.0016224) (29.7666 0.00566005 -0.0014137) (27.5215 0.00934439 -0.0511862)
361           (30.0428 -0.00649464 0.00162179) (29.7662 0.00566015 -0.00139982) (27.5213 0.00934752 -0.0512113)
362           (30.0428 -0.00649483 0.00162131) (29.7659 0.00566015 -0.00138842) (27.5211 0.00935085 -0.0512366)
363           (30.0428 -0.00649497 0.0016211) (29.7656 0.00565999 -0.00137936) (27.5209 0.00935433 -0.0512606)
364           (30.0428 -0.00649499 0.00162109) (29.7653 0.00565965 -0.0013729) (27.5208 0.00935779 -0.0512831)
365           (30.0428 -0.00649491 0.0016212) (29.765 0.00565913 -0.00136946) (27.5206 0.00936118 -0.0513045)
366           (30.0428 -0.00649469 0.00162144) (29.7646 0.00565843 -0.00136903) (27.5204 0.00936451 -0.0513241)
367           (30.0428 -0.00649438 0.00162196) (29.7643 0.00565751 -0.00137137) (27.5202 0.00936783 -0.0513406)
368           (30.0428 -0.006494 0.00162283) (29.764 0.00565636 -0.00137635) (27.52 0.00937115 -0.0513541)
369           (30.0428 -0.0064936 0.00162399) (29.7637 0.005655 -0.00138385) (27.5198 0.00937457 -0.0513654)
370           (30.0428 -0.00649319 0.00162529) (29.7634 0.00565341 -0.00139355) (27.5196 0.00937805 -0.0513735)
371           (30.0428 -0.00649277 0.00162658) (29.7631 0.00565157 -0.00140532) (27.5195 0.00938153 -0.051378)
372           (30.0428 -0.00649243 0.00162779) (29.7628 0.00564948 -0.00141898) (27.5193 0.00938493 -0.0513793)
373           (30.0429 -0.00649216 0.00162897) (29.7625 0.00564713 -0.00143417) (27.5191 0.00938827 -0.0513772)
374           (30.0429 -0.006492 0.00163013) (29.7622 0.00564453 -0.00145049) (27.5189 0.00939153 -0.0513727)
375           (30.0429 -0.00649193 0.00163129) (29.7619 0.00564167 -0.00146751) (27.5187 0.00939479 -0.0513651)
376           (30.0429 -0.00649193 0.00163242) (29.7615 0.00563857 -0.00148481) (27.5185 0.00939801 -0.0513551)
377           (30.0429 -0.00649197 0.00163347) (29.7612 0.00563523 -0.00150205) (27.5183 0.00940117 -0.0513425)
378           (30.0429 -0.00649201 0.00163443) (29.7609 0.00563167 -0.00151889) (27.5181 0.0094042 -0.051328)
379           (30.0429 -0.00649206 0.00163539) (29.7606 0.0056279 -0.00153503) (27.5179 0.00940713 -0.0513115)
380           (30.0429 -0.00649209 0.00163633) (29.7603 0.00562391 -0.00155013) (27.5178 0.00940987 -0.0512945)
381           (30.0429 -0.00649207 0.00163726) (29.76 0.00561971 -0.00156386) (27.5176 0.00941238 -0.0512783)
382           (30.0429 -0.00649204 0.00163824) (29.7596 0.00561532 -0.00157598) (27.5174 0.00941478 -0.0512623)
383           (30.0429 -0.006492 0.00163925) (29.7593 0.00561078 -0.00158629) (27.5172 0.00941704 -0.051247)
384           (30.0429 -0.00649196 0.00164028) (29.759 0.00560614 -0.00159469) (27.517 0.0094191 -0.0512331)
385           (30.0429 -0.00649193 0.00164138) (29.7587 0.00560141 -0.00160112) (27.5168 0.00942095 -0.0512205)
386           (30.0429 -0.0064919 0.00164249) (29.7583 0.00559669 -0.00160577) (27.5167 0.0094225 -0.0512105)
387           (30.043 -0.00649188 0.00164358) (29.758 0.00559191 -0.00160888) (27.5165 0.00942365 -0.0512041)
388           (30.043 -0.00649188 0.00164468) (29.7577 0.0055871 -0.00161053) (27.5163 0.00942451 -0.0512006)
389           (30.043 -0.00649189 0.00164571) (29.7574 0.00558233 -0.00161103) (27.5161 0.00942526 -0.0512001)
390           (30.043 -0.0064919 0.00164665) (29.7571 0.00557766 -0.00161069) (27.5159 0.00942597 -0.0512027)
391           (30.043 -0.00649194 0.00164757) (29.7568 0.00557313 -0.00160968) (27.5158 0.00942655 -0.0512078)
392           (30.043 -0.00649198 0.00164842) (29.7565 0.00556879 -0.00160854) (27.5156 0.00942689 -0.0512158)
393           (30.043 -0.00649201 0.00164922) (29.7562 0.0055647 -0.00160773) (27.5154 0.00942696 -0.0512268)
394           (30.043 -0.00649205 0.00165002) (29.7559 0.00556093 -0.00160738) (27.5153 0.00942678 -0.0512405)
395           (30.043 -0.00649209 0.00165079) (29.7556 0.00555757 -0.00160785) (27.5151 0.00942644 -0.0512565)
396           (30.043 -0.00649214 0.00165153) (29.7554 0.00555472 -0.00160935) (27.5149 0.009426 -0.0512748)
397           (30.0431 -0.00649219 0.00165228) (29.7551 0.00555248 -0.00161185) (27.5147 0.00942541 -0.0512948)
398           (30.0431 -0.00649224 0.00165304) (29.7549 0.00555094 -0.00161542) (27.5146 0.00942466 -0.0513163)
399           (30.0431 -0.0064923 0.00165385) (29.7547 0.0055502 -0.00161997) (27.5144 0.0094237 -0.0513385)
400           (30.0431 -0.00649236 0.00165468) (29.7545 0.00555036 -0.00162549) (27.5142 0.00942262 -0.0513609)
401           (30.0431 -0.00649242 0.00165554) (29.7543 0.00555153 -0.00163179) (27.5141 0.0094214 -0.0513833)
402           (30.0431 -0.00649249 0.00165641) (29.7541 0.00555379 -0.00163872) (27.5139 0.00942008 -0.0514055)
403           (30.0431 -0.00649255 0.00165729) (29.754 0.00555721 -0.00164595) (27.5137 0.0094186 -0.0514271)
404           (30.0431 -0.00649263 0.00165811) (29.7539 0.00556192 -0.00165332) (27.5136 0.00941697 -0.0514479)
405           (30.0431 -0.00649271 0.00165892) (29.7538 0.00556779 -0.00166039) (27.5134 0.00941528 -0.0514672)
406           (30.0432 -0.00649279 0.00165974) (29.7538 0.00557478 -0.00166699) (27.5132 0.00941344 -0.0514851)
407           (30.0432 -0.00649288 0.00166053) (29.7538 0.00558279 -0.00167323) (27.513 0.00941146 -0.0515012)
408           (30.0432 -0.00649296 0.00166135) (29.7538 0.00559161 -0.00167903) (27.5129 0.00940926 -0.051516)
409           (30.0432 -0.00649305 0.00166221) (29.7539 0.00560095 -0.00168434) (27.5127 0.00940682 -0.0515298)
410           (30.0432 -0.00649314 0.00166305) (29.754 0.00561042 -0.00168936) (27.5125 0.00940433 -0.0515424)
411           (30.0432 -0.00649322 0.00166388) (29.7541 0.00561954 -0.00169406) (27.5124 0.00940179 -0.0515542)
412           (30.0432 -0.00649331 0.00166468) (29.7543 0.00562775 -0.00169873) (27.5122 0.00939927 -0.051565)
413           (30.0432 -0.0064934 0.00166552) (29.7545 0.00563449 -0.00170328) (27.512 0.00939663 -0.0515752)
414           (30.0432 -0.00649348 0.00166634) (29.7547 0.00563927 -0.0017081) (27.5118 0.00939392 -0.0515846)
415           (30.0432 -0.00649356 0.00166713) (29.755 0.00564153 -0.00171357) (27.5117 0.00939124 -0.0515934)
416           (30.0433 -0.00649364 0.00166796) (29.7553 0.00564087 -0.00171946) (27.5115 0.00938851 -0.0516026)
417           (30.0433 -0.00649372 0.00166876) (29.7556 0.00563705 -0.00172607) (27.5113 0.00938581 -0.051612)
418           (30.0433 -0.00649381 0.00166955) (29.7559 0.00563007 -0.00173364) (27.5112 0.00938325 -0.0516218)
419           (30.0433 -0.00649389 0.00167039) (29.7563 0.00562016 -0.00174181) (27.511 0.00938075 -0.0516326)
420           (30.0433 -0.00649397 0.00167124) (29.7566 0.00560793 -0.00175067) (27.5109 0.00937839 -0.0516442)
421           (30.0433 -0.00649405 0.0016721) (29.7569 0.00559413 -0.00176032) (27.5107 0.0093763 -0.0516564)
422           (30.0433 -0.00649414 0.00167301) (29.7572 0.0055797 -0.00177007) (27.5106 0.00937443 -0.0516696)
423           (30.0433 -0.00649422 0.00167389) (29.7575 0.00556551 -0.00177984) (27.5104 0.00937286 -0.0516833)
424           (30.0433 -0.00649431 0.00167473) (29.7578 0.00555225 -0.00178965) (27.5103 0.00937173 -0.0516975)
425           (30.0434 -0.00649438 0.00167559) (29.758 0.00554045 -0.00179884) (27.5101 0.00937098 -0.0517131)
426           (30.0434 -0.00649446 0.00167645) (29.7583 0.0055304 -0.00180742) (27.51 0.00937067 -0.0517296)
427           (30.0434 -0.00649455 0.00167728) (29.7585 0.00552217 -0.00181575) (27.5099 0.00937089 -0.0517466)
428           (30.0434 -0.00649463 0.00167813) (29.7587 0.00551569 -0.00182399) (27.5098 0.00937169 -0.0517644)
429           (30.0434 -0.00649469 0.00167907) (29.7589 0.00551083 -0.00183133) (27.5096 0.00937292 -0.0517839)
430           (30.0434 -0.00649475 0.00168) (29.7591 0.0055074 -0.00183787) (27.5095 0.00937458 -0.0518046)
431           (30.0434 -0.00649484 0.00168088) (29.7593 0.00550513 -0.00184399) (27.5094 0.00937677 -0.0518258)
432           (30.0434 -0.00649495 0.00168167) (29.7595 0.00550373 -0.00185019) (27.5093 0.00937941 -0.0518477)
433           (30.0434 -0.00649502 0.00168244) (29.7597 0.00550295 -0.00185649) (27.5093 0.00938231 -0.0518713)
434           (30.0434 -0.00649508 0.00168328) (29.7598 0.00550266 -0.00186186) (27.5092 0.0093852 -0.0518973)
435           (30.0435 -0.00649514 0.00168419) (29.76 0.0055027 -0.00186641) (27.5091 0.00938791 -0.0519261)
436           (30.0435 -0.00649523 0.00168504) (29.7601 0.00550293 -0.00187047) (27.509 0.00939028 -0.051956)
437           (30.0435 -0.00649535 0.00168584) (29.7603 0.00550323 -0.00187443) (27.509 0.00939213 -0.0519864)
438           (30.0435 -0.00649546 0.00168666) (29.7604 0.00550353 -0.00187846) (27.509 0.00939325 -0.0520177)
439           (30.0435 -0.00649554 0.00168748) (29.7606 0.00550376 -0.00188247) (27.509 0.00939337 -0.052051)
440           (30.0435 -0.00649557 0.00168824) (29.7607 0.0055039 -0.0018862) (27.509 0.00939225 -0.0520867)
441           (30.0435 -0.00649559 0.00168895) (29.7609 0.00550393 -0.00188953) (27.509 0.00938974 -0.0521239)
442           (30.0435 -0.00649565 0.00168969) (29.761 0.00550384 -0.00189256) (27.5091 0.00938588 -0.0521611)
443           (30.0435 -0.00649575 0.00169056) (29.7611 0.00550362 -0.00189555) (27.5091 0.0093807 -0.0521977)
444           (30.0435 -0.00649588 0.00169152) (29.7613 0.00550332 -0.00189871) (27.5093 0.00937414 -0.0522338)
445           (30.0435 -0.00649599 0.00169246) (29.7614 0.00550293 -0.00190201) (27.5094 0.00936615 -0.0522701)
446           (30.0436 -0.00649605 0.00169326) (29.7615 0.00550247 -0.00190527) (27.5096 0.00935671 -0.0523075)
447           (30.0436 -0.00649608 0.00169393) (29.7617 0.00550192 -0.00190834) (27.5098 0.00934597 -0.0523455)
448           (30.0436 -0.00649612 0.00169457) (29.7618 0.00550128 -0.00191128) (27.51 0.00933423 -0.0523833)
449           (30.0436 -0.0064962 0.00169533) (29.7619 0.00550055 -0.00191433) (27.5103 0.00932182 -0.0524202)
450           (30.0436 -0.0064963 0.00169626) (29.762 0.00549975 -0.00191765) (27.5106 0.00930895 -0.052456)
451           (30.0436 -0.00649639 0.00169727) (29.7622 0.00549894 -0.00192121) (27.511 0.00929574 -0.0524906)
452           (30.0436 -0.00649644 0.00169821) (29.7623 0.00549811 -0.00192478) (27.5113 0.00928233 -0.0525244)
453           (30.0436 -0.00649648 0.00169905) (29.7624 0.00549727 -0.00192818) (27.5117 0.00926895 -0.0525566)
454           (30.0436 -0.00649654 0.00169986) (29.7625 0.00549638 -0.00193139) (27.5121 0.00925596 -0.0525869)
455           (30.0436 -0.00649663 0.00170072) (29.7626 0.00549545 -0.00193458) (27.5126 0.00924361 -0.0526148)
456           (30.0436 -0.00649671 0.00170162) (29.7627 0.0054945 -0.00193795) (27.5131 0.00923199 -0.0526406)
457           (30.0436 -0.00649675 0.00170253) (29.7628 0.00549358 -0.00194152) (27.5135 0.00922109 -0.0526645)
458           (30.0437 -0.00649678 0.00170348) (29.7629 0.00549269 -0.00194511) (27.514 0.00921097 -0.0526866)
459           (30.0437 -0.00649682 0.00170444) (29.763 0.00549182 -0.00194858) (27.5145 0.00920194 -0.0527061)
460           (30.0437 -0.00649688 0.00170534) (29.7631 0.00549096 -0.00195189) (27.515 0.00919357 -0.0527229)
461           (30.0437 -0.00649696 0.0017062) (29.7632 0.00549009 -0.00195504) (27.5155 0.00918581 -0.0527373)
462           (30.0437 -0.00649704 0.00170706) (29.7633 0.00548921 -0.0019582) (27.516 0.00917905 -0.0527502)
463           (30.0437 -0.00649708 0.00170792) (29.7634 0.00548835 -0.00196153) (27.5165 0.00917352 -0.0527623)
464           (30.0437 -0.00649708 0.00170874) (29.7635 0.00548751 -0.00196501) (27.517 0.00916923 -0.0527736)
465           (30.0437 -0.00649708 0.00170959) (29.7636 0.00548668 -0.00196856) (27.5175 0.00916616 -0.0527835)
466           (30.0437 -0.00649714 0.00171055) (29.7637 0.00548583 -0.00197208) (27.518 0.00916427 -0.0527912)
467           (30.0437 -0.00649723 0.0017116) (29.7638 0.00548498 -0.00197552) (27.5185 0.00916339 -0.0527969)
468           (30.0437 -0.0064973 0.0017126) (29.7639 0.00548418 -0.00197895) (27.5189 0.0091632 -0.0528017)
469           (30.0437 -0.00649733 0.00171348) (29.764 0.00548342 -0.0019824) (27.5194 0.00916341 -0.0528066)
470           (30.0437 -0.00649733 0.00171426) (29.764 0.00548268 -0.00198591) (27.5199 0.00916396 -0.0528119)
471           (30.0437 -0.00649737 0.00171505) (29.7641 0.00548189 -0.00198955) (27.5203 0.00916494 -0.0528171)
472           (30.0438 -0.00649743 0.00171592) (29.7642 0.00548109 -0.00199334) (27.5207 0.00916635 -0.052822)
473           (30.0438 -0.00649748 0.00171687) (29.7643 0.00548034 -0.00199726) (27.5211 0.00916797 -0.0528266)
474           (30.0438 -0.00649752 0.00171783) (29.7643 0.00547966 -0.00200123) (27.5216 0.00916954 -0.0528318)
475           (30.0438 -0.00649754 0.00171871) (29.7644 0.00547902 -0.00200525) (27.522 0.00917097 -0.0528376)
476           (30.0438 -0.00649757 0.00171953) (29.7645 0.00547835 -0.00200939) (27.5223 0.00917233 -0.0528441)
477           (30.0438 -0.00649762 0.00172032) (29.7645 0.00547765 -0.00201378) (27.5227 0.00917361 -0.0528513)
478           (30.0438 -0.00649767 0.00172111) (29.7646 0.00547698 -0.00201841) (27.5231 0.0091747 -0.0528593)
479           (30.0438 -0.0064977 0.0017219) (29.7647 0.00547636 -0.00202319) (27.5235 0.00917551 -0.0528677)
480           (30.0438 -0.00649773 0.00172267) (29.7647 0.00547578 -0.00202801) (27.5238 0.00917605 -0.0528763)
481           (30.0438 -0.00649776 0.00172344) (29.7648 0.0054752 -0.00203285) (27.5241 0.00917635 -0.0528851)
482           (30.0438 -0.00649781 0.00172427) (29.7649 0.0054746 -0.00203775) (27.5245 0.00917642 -0.0528941)
483           (30.0438 -0.00649784 0.00172507) (29.7649 0.005474 -0.00204275) (27.5248 0.00917624 -0.0529037)
484           (30.0438 -0.00649785 0.0017258) (29.765 0.00547343 -0.00204788) (27.5251 0.00917582 -0.052914)
485           (30.0438 -0.00649788 0.00172653) (29.765 0.00547287 -0.00205309) (27.5254 0.0091752 -0.0529246)
486           (30.0438 -0.00649791 0.00172722) (29.7651 0.00547232 -0.00205832) (27.5257 0.0091744 -0.0529351)
487           (30.0438 -0.00649794 0.00172791) (29.7651 0.00547178 -0.00206352) (27.526 0.00917342 -0.0529454)
488           (30.0438 -0.00649798 0.00172861) (29.7652 0.00547123 -0.00206865) (27.5263 0.00917226 -0.0529555)
489           (30.0439 -0.006498 0.00172929) (29.7652 0.00547069 -0.00207374) (27.5265 0.00917094 -0.0529654)
490           (30.0439 -0.00649802 0.00172994) (29.7653 0.00547014 -0.00207878) (27.5268 0.0091695 -0.0529751)
491           (30.0439 -0.00649805 0.0017306) (29.7653 0.0054696 -0.00208379) (27.5271 0.00916795 -0.0529848)
492           (30.0439 -0.00649807 0.00173123) (29.7654 0.00546907 -0.00208875) (27.5273 0.00916631 -0.0529945)
493           (30.0439 -0.00649808 0.00173182) (29.7654 0.00546853 -0.00209363) (27.5276 0.00916459 -0.0530041)
494           (30.0439 -0.00649811 0.00173242) (29.7655 0.005468 -0.0020984) (27.5278 0.0091628 -0.0530137)
495           (30.0439 -0.00649813 0.001733) (29.7655 0.00546747 -0.00210305) (27.5281 0.00916098 -0.0530233)
496           (30.0439 -0.00649816 0.00173355) (29.7655 0.00546695 -0.00210755) (27.5283 0.00915911 -0.0530328)
497           (30.0439 -0.00649819 0.00173413) (29.7656 0.00546643 -0.00211191) (27.5286 0.00915721 -0.0530423)
498           (30.0439 -0.0064982 0.00173471) (29.7656 0.00546592 -0.0021161) (27.5288 0.00915529 -0.0530516)
499           (30.0439 -0.00649821 0.00173525) (29.7657 0.00546541 -0.00212011) (27.529 0.00915334 -0.0530607)
500           (30.0439 -0.00649823 0.00173581) (29.7657 0.00546491 -0.00212391) (27.5292 0.00915137 -0.0530698)
501           (30.0439 -0.00649824 0.00173634) (29.7657 0.00546442 -0.00212751) (27.5295 0.0091494 -0.0530787)
502           (30.0439 -0.00649826 0.00173685) (29.7658 0.00546393 -0.00213092) (27.5297 0.00914742 -0.0530875)
503           (30.0439 -0.00649828 0.00173737) (29.7658 0.00546345 -0.00213416) (27.5299 0.00914544 -0.0530964)
504           (30.0439 -0.0064983 0.00173785) (29.7658 0.00546299 -0.00213724) (27.5301 0.00914346 -0.0531054)
505           (30.0439 -0.00649831 0.00173832) (29.7659 0.00546253 -0.00214017) (27.5303 0.0091415 -0.0531145)
506           (30.0439 -0.00649833 0.00173883) (29.7659 0.00546208 -0.00214296) (27.5305 0.00913954 -0.0531238)
507           (30.0439 -0.00649833 0.00173931) (29.7659 0.00546164 -0.00214563) (27.5307 0.0091376 -0.0531333)
508           (30.0439 -0.00649834 0.00173975) (29.766 0.0054612 -0.00214822) (27.5309 0.00913568 -0.0531432)
509           (30.0439 -0.00649835 0.00174019) (29.766 0.00546077 -0.00215074) (27.5311 0.00913378 -0.0531535)
510           (30.044 -0.00649836 0.00174059) (29.766 0.00546035 -0.00215321) (27.5313 0.0091319 -0.0531643)
511           (30.044 -0.00649837 0.00174096) (29.766 0.00545994 -0.00215563) (27.5315 0.00913004 -0.0531754)
512           (30.044 -0.00649838 0.00174135) (29.7661 0.00545953 -0.00215799) (27.5317 0.00912819 -0.0531868)
513           (30.044 -0.00649839 0.00174175) (29.7661 0.00545913 -0.00216028) (27.5319 0.00912636 -0.0531984)
514           (30.044 -0.00649839 0.00174213) (29.7661 0.00545874 -0.00216248) (27.5321 0.00912453 -0.0532101)
515           (30.044 -0.0064984 0.00174252) (29.7661 0.00545834 -0.00216463) (27.5322 0.00912271 -0.0532218)
516           (30.044 -0.0064984 0.00174287) (29.7662 0.00545795 -0.00216668) (27.5324 0.00912091 -0.0532335)
517           (30.044 -0.0064984 0.00174317) (29.7662 0.00545756 -0.00216862) (27.5326 0.00911911 -0.053245)
518           (30.044 -0.00649841 0.00174347) (29.7662 0.00545717 -0.0021704) (27.5328 0.00911732 -0.0532562)
519           (30.044 -0.00649842 0.00174374) (29.7662 0.00545679 -0.00217201) (27.5329 0.00911553 -0.0532671)
520           (30.044 -0.00649842 0.001744) (29.7662 0.00545641 -0.00217344) (27.5331 0.00911376 -0.0532776)
521           (30.044 -0.00649842 0.00174429) (29.7663 0.00545603 -0.0021747) (27.5333 0.009112 -0.0532876)
522           (30.044 -0.00649842 0.00174458) (29.7663 0.00545566 -0.00217578) (27.5334 0.00911025 -0.0532972)
523           (30.044 -0.00649842 0.00174484) (29.7663 0.00545528 -0.00217665) (27.5336 0.00910851 -0.0533064)
524           (30.044 -0.00649843 0.00174511) (29.7663 0.00545492 -0.00217731) (27.5338 0.00910677 -0.0533152)
525           (30.044 -0.00649843 0.00174532) (29.7663 0.00545455 -0.00217777) (27.5339 0.00910506 -0.0533236)
526           (30.044 -0.00649842 0.00174549) (29.7664 0.00545418 -0.00217805) (27.5341 0.00910335 -0.0533316)
527           (30.044 -0.00649842 0.00174568) (29.7664 0.00545381 -0.00217817) (27.5342 0.00910166 -0.0533393)
528           (30.044 -0.00649842 0.0017459) (29.7664 0.00545344 -0.00217814) (27.5344 0.00909997 -0.0533467)
529           (30.044 -0.00649842 0.00174613) (29.7664 0.00545308 -0.00217796) (27.5345 0.0090983 -0.0533539)
530           (30.044 -0.00649842 0.00174639) (29.7664 0.00545271 -0.00217763) (27.5347 0.00909664 -0.0533608)
531           (30.044 -0.00649842 0.0017466) (29.7664 0.00545234 -0.00217715) (27.5348 0.00909499 -0.0533674)
532           (30.044 -0.00649841 0.00174676) (29.7665 0.00545198 -0.00217654) (27.535 0.00909334 -0.0533737)
533           (30.044 -0.00649841 0.00174692) (29.7665 0.00545161 -0.00217586) (27.5351 0.00909168 -0.0533799)
534           (30.044 -0.00649841 0.00174711) (29.7665 0.00545123 -0.0021752) (27.5353 0.00909022 -0.0533857)
535           (30.044 -0.0064984 0.00174732) (29.7665 0.00545085 -0.00217454) (27.5354 0.00908892 -0.0533914)
536           (30.044 -0.00649841 0.00174759) (29.7665 0.00545046 -0.0021738) (27.5356 0.00908756 -0.0533968)
537           (30.0441 -0.0064984 0.00174784) (29.7665 0.00545008 -0.00217292) (27.5357 0.00908602 -0.0534022)
538           (30.0441 -0.00649838 0.00174805) (29.7665 0.00544971 -0.00217191) (27.5359 0.00908437 -0.0534071)
539           (30.0441 -0.00649837 0.00174826) (29.7666 0.00544934 -0.00217083) (27.536 0.00908269 -0.0534116)
540           (30.0441 -0.00649838 0.00174852) (29.7666 0.00544895 -0.00216969) (27.5362 0.00908103 -0.0534158)
541           (30.0441 -0.00649838 0.00174879) (29.7666 0.00544855 -0.00216848) (27.5363 0.00907936 -0.0534198)
542           (30.0441 -0.00649838 0.00174904) (29.7666 0.00544817 -0.00216717) (27.5364 0.00907767 -0.0534237)
543           (30.0441 -0.00649837 0.0017493) (29.7666 0.00544779 -0.00216575) (27.5366 0.009076 -0.0534274)
544           (30.0441 -0.00649837 0.00174957) (29.7666 0.00544741 -0.0021642) (27.5367 0.00907437 -0.0534305)
545           (30.0441 -0.00649836 0.00174985) (29.7666 0.00544701 -0.00216248) (27.5368 0.00907278 -0.0534331)
546           (30.0441 -0.00649834 0.00175015) (29.7666 0.0054466 -0.00216063) (27.537 0.0090712 -0.0534351)
547           (30.0441 -0.00649832 0.00175048) (29.7667 0.0054462 -0.00215864) (27.5371 0.00906959 -0.053437)
548           (30.0441 -0.00649832 0.00175083) (29.7667 0.00544581 -0.00215653) (27.5372 0.00906797 -0.0534386)
549           (30.0441 -0.00649832 0.00175116) (29.7667 0.00544541 -0.00215428) (27.5374 0.00906639 -0.0534398)
550           (30.0441 -0.00649833 0.00175147) (29.7667 0.005445 -0.00215186) (27.5375 0.00906484 -0.0534405)
551           (30.0441 -0.00649832 0.00175175) (29.7667 0.00544459 -0.00214928) (27.5376 0.00906331 -0.0534408)
552           (30.0441 -0.00649831 0.00175203) (29.7667 0.00544418 -0.00214656) (27.5377 0.00906178 -0.053441)
553           (30.0441 -0.00649829 0.00175232) (29.7667 0.00544378 -0.00214377) (27.5379 0.00906026 -0.0534411)
554           (30.0441 -0.00649827 0.00175267) (29.7667 0.00544337 -0.0021409) (27.538 0.00905875 -0.053441)
555           (30.0441 -0.00649827 0.00175306) (29.7667 0.00544295 -0.00213793) (27.5381 0.00905726 -0.0534405)
556           (30.0441 -0.00649827 0.00175344) (29.7668 0.00544253 -0.00213485) (27.5382 0.00905579 -0.0534398)
557           (30.0441 -0.00649826 0.00175374) (29.7668 0.00544212 -0.00213167) (27.5383 0.0090543 -0.0534391)
558           (30.0441 -0.00649825 0.00175398) (29.7668 0.00544171 -0.00212845) (27.5384 0.00905283 -0.0534385)
559           (30.0441 -0.00649824 0.00175423) (29.7668 0.0054413 -0.00212521) (27.5386 0.00905137 -0.0534378)
560           (30.0441 -0.00649823 0.00175452) (29.7668 0.00544087 -0.00212196) (27.5387 0.00904994 -0.053437)
561           (30.0441 -0.00649823 0.0017549) (29.7668 0.00544044 -0.00211866) (27.5388 0.00904851 -0.0534359)
562           (30.0441 -0.00649822 0.00175528) (29.7668 0.00544003 -0.00211528) (27.5389 0.00904707 -0.0534347)
563           (30.0441 -0.0064982 0.00175562) (29.7668 0.00543962 -0.00211185) (27.539 0.00904564 -0.0534335)
564           (30.0441 -0.00649819 0.00175591) (29.7668 0.0054392 -0.00210841) (27.5391 0.00904421 -0.0534322)
565           (30.0441 -0.00649819 0.00175618) (29.7668 0.00543876 -0.00210496) (27.5392 0.00904281 -0.0534309)
566           (30.0441 -0.00649818 0.00175645) (29.7668 0.00543832 -0.0021015) (27.5393 0.00904142 -0.0534294)
567           (30.0441 -0.00649818 0.00175676) (29.7669 0.00543789 -0.00209803) (27.5394 0.00904003 -0.0534279)
568           (30.0441 -0.00649816 0.00175709) (29.7669 0.00543746 -0.00209454) (27.5395 0.00903862 -0.0534262)
569           (30.0441 -0.00649815 0.00175743) (29.7669 0.00543704 -0.00209107) (27.5396 0.00903722 -0.0534245)
570           (30.0441 -0.00649813 0.00175777) (29.7669 0.00543659 -0.00208763) (27.5397 0.00903583 -0.0534226)
571           (30.0441 -0.00649813 0.00175809) (29.7669 0.00543613 -0.00208421) (27.5398 0.00903448 -0.0534206)
572           (30.0441 -0.00649812 0.00175839) (29.7669 0.00543568 -0.00208082) (27.5399 0.00903314 -0.0534185)
573           (30.0442 -0.00649811 0.00175863) (29.7669 0.00543523 -0.00207747) (27.54 0.00903178 -0.0534165)
574           (30.0442 -0.00649809 0.00175887) (29.7669 0.00543479 -0.00207422) (27.5402 0.00903038 -0.0534149)
575           (30.0442 -0.00649808 0.00175912) (29.7669 0.00543433 -0.0020711) (27.5403 0.00902897 -0.0534135)
576           (30.0442 -0.00649807 0.00175943) (29.7669 0.00543385 -0.0020681) (27.5404 0.0090276 -0.0534121)
577           (30.0442 -0.00649806 0.00175979) (29.7669 0.00543336 -0.00206513) (27.5405 0.00902627 -0.0534103)
578           (30.0442 -0.00649805 0.00176012) (29.7669 0.00543288 -0.00206213) (27.5406 0.00902496 -0.0534083)
579           (30.0442 -0.00649803 0.00176042) (29.7669 0.00543244 -0.00205908) (27.5407 0.00902363 -0.0534064)
580           (30.0442 -0.00649801 0.00176064) (29.7669 0.00543202 -0.00205605) (27.5408 0.00902227 -0.0534048)
581           (30.0442 -0.00649799 0.00176083) (29.7669 0.00543158 -0.00205308) (27.5408 0.00902091 -0.0534034)
582           (30.0442 -0.00649799 0.00176107) (29.7669 0.00543112 -0.00205014) (27.5409 0.00901958 -0.053402)
583           (30.0442 -0.00649799 0.00176138) (29.7669 0.00543066 -0.00204715) (27.541 0.00901826 -0.0534003)
584           (30.0442 -0.00649797 0.00176168) (29.7669 0.00543023 -0.002044) (27.5411 0.00901693 -0.0533984)
585           (30.0442 -0.00649794 0.00176197) (29.7669 0.00542985 -0.00204069) (27.5412 0.00901558 -0.0533964)
586           (30.0442 -0.00649792 0.00176223) (29.7669 0.00542946 -0.00203728) (27.5413 0.00901422 -0.0533944)
587           (30.0442 -0.0064979 0.00176248) (29.7669 0.00542906 -0.00203384) (27.5414 0.00901288 -0.0533923)
588           (30.0442 -0.0064979 0.00176275) (29.7669 0.00542865 -0.00203033) (27.5415 0.00901157 -0.0533902)
589           (30.0442 -0.00649789 0.00176302) (29.7669 0.00542826 -0.00202669) (27.5416 0.00901025 -0.0533879)
590           (30.0442 -0.00649787 0.00176326) (29.7669 0.0054279 -0.00202288) (27.5417 0.00900889 -0.0533857)
591           (30.0442 -0.00649784 0.0017635) (29.7669 0.00542757 -0.00201895) (27.5418 0.0090075 -0.0533834)
592           (30.0442 -0.00649782 0.00176378) (29.7669 0.00542721 -0.00201498) (27.5419 0.00900612 -0.053381)
593           (30.0442 -0.00649781 0.00176411) (29.7669 0.00542684 -0.00201098) (27.542 0.00900477 -0.0533784)
594           (30.0442 -0.0064978 0.00176445) (29.7669 0.00542646 -0.00200691) (27.5421 0.00900342 -0.0533758)
595           (30.0442 -0.00649779 0.00176479) (29.7669 0.00542612 -0.00200274) (27.5422 0.00900205 -0.0533732)
596           (30.0442 -0.00649776 0.00176507) (29.7669 0.00542581 -0.0019985) (27.5423 0.00900065 -0.0533707)
597           (30.0442 -0.00649774 0.0017653) (29.7669 0.00542549 -0.00199425) (27.5424 0.00899922 -0.0533684)
598           (30.0442 -0.00649773 0.00176556) (29.7669 0.00542515 -0.00199008) (27.5425 0.00899783 -0.053366)
599           (30.0442 -0.00649772 0.0017659) (29.7669 0.00542478 -0.00198595) (27.5426 0.00899646 -0.0533635)
600           (30.0442 -0.0064977 0.00176628) (29.7669 0.00542443 -0.00198179) (27.5427 0.00899509 -0.0533609)
601           (30.0442 -0.00649767 0.00176665) (29.7668 0.00542411 -0.00197758) (27.5427 0.0089937 -0.0533584)
602           (30.0442 -0.00649764 0.00176698) (29.7668 0.00542382 -0.00197334) (27.5428 0.00899228 -0.0533561)
603           (30.0442 -0.00649762 0.00176729) (29.7668 0.00542351 -0.00196917) (27.5429 0.00899087 -0.0533539)
604           (30.0442 -0.00649761 0.00176759) (29.7668 0.00542317 -0.00196509) (27.543 0.0089895 -0.0533516)
605           (30.0442 -0.00649761 0.0017679) (29.7668 0.00542282 -0.00196104) (27.5431 0.00898816 -0.0533491)
606           (30.0442 -0.0064976 0.00176824) (29.7668 0.00542249 -0.00195693) (27.5432 0.00898683 -0.0533465)
607           (30.0442 -0.00649757 0.00176858) (29.7668 0.00542221 -0.00195273) (27.5432 0.00898545 -0.053344)
608           (30.0442 -0.00649753 0.00176893) (29.7668 0.00542193 -0.00194848) (27.5433 0.00898406 -0.0533415)
609           (30.0442 -0.00649751 0.0017693) (29.7668 0.00542164 -0.00194425) (27.5434 0.0089827 -0.0533391)
610           (30.0442 -0.0064975 0.0017697) (29.7668 0.00542131 -0.00194004) (27.5435 0.00898139 -0.0533365)
611           (30.0442 -0.00649749 0.00177009) (29.7668 0.00542097 -0.00193574) (27.5435 0.00898011 -0.0533337)
612           (30.0442 -0.00649748 0.00177044) (29.7668 0.00542067 -0.00193129) (27.5436 0.00897883 -0.0533307)
613           (30.0442 -0.00649744 0.00177073) (29.7667 0.00542041 -0.0019267) (27.5437 0.0089775 -0.0533278)
614           (30.0442 -0.00649742 0.00177102) (29.7667 0.00542016 -0.00192205) (27.5438 0.00897616 -0.053325)
615           (30.0442 -0.0064974 0.00177138) (29.7667 0.00541987 -0.00191742) (27.5438 0.00897484 -0.0533222)
616           (30.0442 -0.00649739 0.00177182) (29.7667 0.00541955 -0.00191277) (27.5439 0.00897357 -0.0533193)
617           (30.0442 -0.00649738 0.00177228) (29.7667 0.00541922 -0.001908) (27.544 0.00897233 -0.0533162)
618           (30.0442 -0.00649736 0.0017727) (29.7667 0.00541893 -0.00190304) (27.5441 0.00897108 -0.053313)
619           (30.0442 -0.00649732 0.00177302) (29.7667 0.00541869 -0.00189795) (27.5441 0.00896979 -0.0533099)
620           (30.0442 -0.00649729 0.00177328) (29.7667 0.00541844 -0.00189284) (27.5442 0.00896847 -0.0533069)
621           (30.0442 -0.00649727 0.00177357) (29.7666 0.00541816 -0.00188782) (27.5443 0.00896718 -0.0533042)
622           (30.0442 -0.00649727 0.00177395) (29.7666 0.00541784 -0.0018829) (27.5443 0.00896595 -0.0533014)
623           (30.0442 -0.00649726 0.00177441) (29.7666 0.00541752 -0.00187791) (27.5444 0.00896475 -0.0532986)
624           (30.0442 -0.00649725 0.00177487) (29.7666 0.00541723 -0.00187275) (27.5445 0.00896355 -0.0532956)
625           (30.0442 -0.00649721 0.00177525) (29.7666 0.005417 -0.00186745) (27.5445 0.0089623 -0.0532928)
626           (30.0442 -0.00649718 0.00177557) (29.7666 0.00541677 -0.00186213) (27.5446 0.00896103 -0.0532902)
627           (30.0442 -0.00649715 0.00177586) (29.7666 0.00541651 -0.00185697) (27.5447 0.00895977 -0.0532878)
628           (30.0442 -0.00649715 0.00177618) (29.7666 0.0054162 -0.00185198) (27.5447 0.00895857 -0.0532855)
629           (30.0442 -0.00649715 0.00177656) (29.7666 0.00541588 -0.00184702) (27.5448 0.00895742 -0.0532832)
630           (30.0442 -0.00649714 0.00177698) (29.7665 0.00541559 -0.00184194) (27.5448 0.00895627 -0.0532807)
631           (30.0442 -0.00649712 0.00177739) (29.7665 0.00541536 -0.00183672) (27.5449 0.00895508 -0.0532782)
632           (30.0442 -0.00649708 0.00177774) (29.7665 0.00541515 -0.00183147) (27.545 0.00895386 -0.053276)
633           (30.0442 -0.00649705 0.00177807) (29.7665 0.00541492 -0.00182635) (27.545 0.00895265 -0.0532738)
634           (30.0443 -0.00649704 0.00177841) (29.7665 0.00541463 -0.00182141) (27.5451 0.00895149 -0.0532716)
635           (30.0443 -0.00649705 0.00177879) (29.7665 0.00541433 -0.00181654) (27.5451 0.00895039 -0.0532692)
636           (30.0443 -0.00649705 0.00177919) (29.7665 0.00541405 -0.00181157) (27.5452 0.0089493 -0.0532666)
637           (30.0443 -0.00649703 0.00177957) (29.7665 0.00541382 -0.00180644) (27.5453 0.00894818 -0.0532639)
638           (30.0443 -0.006497 0.00177992) (29.7664 0.00541362 -0.00180123) (27.5453 0.00894702 -0.0532613)
639           (30.0443 -0.00649698 0.00178026) (29.7664 0.00541341 -0.00179609) (27.5454 0.00894585 -0.0532587)
640           (30.0443 -0.00649696 0.00178062) (29.7664 0.00541316 -0.00179111) (27.5454 0.00894473 -0.0532561)
641           (30.0443 -0.00649695 0.00178103) (29.7664 0.00541287 -0.00178621) (27.5455 0.00894365 -0.0532533)
642           (30.0443 -0.00649695 0.00178146) (29.7664 0.0054126 -0.00178124) (27.5455 0.0089426 -0.0532503)
643           (30.0443 -0.00649694 0.00178186) (29.7664 0.00541237 -0.00177607) (27.5456 0.00894152 -0.0532472)
644           (30.0443 -0.00649693 0.00178219) (29.7664 0.00541218 -0.00177076) (27.5456 0.00894041 -0.0532441)
645           (30.0443 -0.00649691 0.00178249) (29.7664 0.00541199 -0.00176543) (27.5457 0.00893928 -0.0532411)
646           (30.0443 -0.00649689 0.0017828) (29.7664 0.00541177 -0.00176021) (27.5457 0.00893816 -0.0532382)
647           (30.0443 -0.00649688 0.00178315) (29.7663 0.00541152 -0.0017551) (27.5458 0.00893708 -0.0532353)
648           (30.0443 -0.00649687 0.00178355) (29.7663 0.00541126 -0.00174999) (27.5458 0.00893603 -0.0532322)
649           (30.0443 -0.00649686 0.00178396) (29.7663 0.00541102 -0.00174472) (27.5459 0.00893499 -0.0532289)
650           (30.0443 -0.00649685 0.00178433) (29.7663 0.00541083 -0.00173926) (27.5459 0.00893391 -0.0532256)
651           (30.0443 -0.00649683 0.00178461) (29.7663 0.00541066 -0.0017337) (27.546 0.00893281 -0.0532224)
652           (30.0443 -0.00649681 0.00178484) (29.7663 0.00541048 -0.00172818) (27.546 0.00893171 -0.0532194)
653           (30.0443 -0.00649679 0.00178508) (29.7663 0.00541026 -0.00172276) (27.5461 0.00893064 -0.0532164)
654           (30.0443 -0.00649678 0.00178539) (29.7663 0.00541004 -0.00171738) (27.5461 0.0089296 -0.0532133)
655           (30.0443 -0.00649677 0.00178576) (29.7662 0.00540982 -0.00171191) (27.5461 0.00892857 -0.0532102)
656           (30.0443 -0.00649676 0.00178614) (29.7662 0.00540963 -0.00170628) (27.5462 0.00892754 -0.053207)
657           (30.0443 -0.00649674 0.00178647) (29.7662 0.00540946 -0.00170049) (27.5462 0.00892648 -0.0532038)
658           (30.0443 -0.00649672 0.00178673) (29.7662 0.0054093 -0.00169467) (27.5463 0.00892542 -0.0532008)
659           (30.0443 -0.0064967 0.00178695) (29.7662 0.00540913 -0.00168891) (27.5463 0.00892437 -0.0531979)
660           (30.0443 -0.00649669 0.00178716) (29.7662 0.00540894 -0.00168324) (27.5464 0.00892334 -0.0531951)
661           (30.0443 -0.00649668 0.00178743) (29.7662 0.00540875 -0.0016776) (27.5464 0.00892233 -0.0531922)
662           (30.0443 -0.00649667 0.00178776) (29.7661 0.00540857 -0.00167189) (27.5464 0.00892132 -0.0531893)
663           (30.0443 -0.00649665 0.0017881) (29.7661 0.0054084 -0.00166606) (27.5465 0.00892031 -0.0531865)
664           (30.0443 -0.00649663 0.00178843) (29.7661 0.00540825 -0.00166015) (27.5465 0.0089193 -0.0531837)
665           (30.0443 -0.00649661 0.00178872) (29.7661 0.00540809 -0.00165426) (27.5466 0.00891828 -0.0531811)
666           (30.0443 -0.0064966 0.00178896) (29.7661 0.00540793 -0.00164844) (27.5466 0.00891728 -0.0531786)
667           (30.0443 -0.00649659 0.00178919) (29.7661 0.00540776 -0.00164269) (27.5467 0.00891631 -0.0531761)
668           (30.0443 -0.00649658 0.00178946) (29.7661 0.00540759 -0.00163697) (27.5467 0.00891534 -0.0531736)
669           (30.0443 -0.00649657 0.00178977) (29.7661 0.00540742 -0.00163121) (27.5467 0.00891438 -0.0531711)
670           (30.0443 -0.00649655 0.00179011) (29.766 0.00540727 -0.00162538) (27.5468 0.00891342 -0.0531686)
671           (30.0443 -0.00649654 0.00179046) (29.766 0.00540711 -0.00161951) (27.5468 0.00891246 -0.053166)
672           (30.0443 -0.00649652 0.00179078) (29.766 0.00540696 -0.00161365) (27.5469 0.00891152 -0.0531634)
673           (30.0443 -0.00649651 0.00179109) (29.766 0.0054068 -0.00160783) (27.5469 0.0089106 -0.0531608)
674           (30.0443 -0.0064965 0.00179138) (29.766 0.00540664 -0.00160203) (27.5469 0.00890968 -0.053158)
675           (30.0443 -0.00649649 0.00179166) (29.766 0.00540648 -0.00159624) (27.547 0.00890878 -0.0531552)
676           (30.0443 -0.00649648 0.00179198) (29.766 0.00540632 -0.0015904) (27.547 0.00890789 -0.0531523)
677           (30.0443 -0.00649647 0.00179232) (29.766 0.00540617 -0.00158452) (27.5471 0.00890701 -0.0531493)
678           (30.0443 -0.00649646 0.00179268) (29.7659 0.00540602 -0.00157862) (27.5471 0.00890613 -0.0531462)
679           (30.0443 -0.00649645 0.00179302) (29.7659 0.00540586 -0.0015727) (27.5471 0.00890526 -0.0531431)
680           (30.0443 -0.00649643 0.00179333) (29.7659 0.0054057 -0.00156679) (27.5472 0.00890441 -0.0531399)
681           (30.0443 -0.00649642 0.00179359) (29.7659 0.00540555 -0.00156085) (27.5472 0.00890357 -0.0531365)
682           (30.0443 -0.00649641 0.00179382) (29.7659 0.00540539 -0.00155488) (27.5472 0.00890274 -0.0531331)
683           (30.0443 -0.0064964 0.00179402) (29.7659 0.00540524 -0.00154888) (27.5473 0.00890192 -0.0531296)
684           (30.0443 -0.00649639 0.00179423) (29.7659 0.00540509 -0.00154285) (27.5473 0.0089011 -0.053126)
685           (30.0443 -0.00649637 0.00179445) (29.7659 0.00540494 -0.00153684) (27.5474 0.00890028 -0.0531224)
686           (30.0443 -0.00649635 0.00179468) (29.7659 0.00540478 -0.00153084) (27.5474 0.00889948 -0.0531187)
687           (30.0443 -0.00649633 0.0017949) (29.7658 0.00540463 -0.00152485) (27.5474 0.00889868 -0.053115)
688           (30.0443 -0.00649631 0.0017951) (29.7658 0.00540447 -0.00151885) (27.5475 0.00889789 -0.0531112)
689           (30.0443 -0.0064963 0.00179528) (29.7658 0.00540432 -0.00151282) (27.5475 0.00889711 -0.0531075)
690           (30.0443 -0.00649628 0.00179546) (29.7658 0.00540416 -0.00150676) (27.5475 0.00889634 -0.0531037)
691           (30.0443 -0.00649627 0.00179564) (29.7658 0.00540401 -0.00150067) (27.5476 0.00889557 -0.0531)
692           (30.0443 -0.00649626 0.00179587) (29.7658 0.00540386 -0.00149459) (27.5476 0.0088948 -0.0530963)
693           (30.0443 -0.00649624 0.00179616) (29.7658 0.00540371 -0.00148852) (27.5476 0.00889404 -0.0530926)
694           (30.0443 -0.00649622 0.00179648) (29.7658 0.00540356 -0.00148246) (27.5477 0.00889328 -0.053089)
695           (30.0443 -0.0064962 0.00179682) (29.7658 0.00540341 -0.0014764) (27.5477 0.00889253 -0.0530854)
696           (30.0443 -0.00649618 0.00179715) (29.7657 0.00540325 -0.00147033) (27.5477 0.00889179 -0.0530818)
697           (30.0443 -0.00649617 0.00179747) (29.7657 0.0054031 -0.00146425) (27.5478 0.00889104 -0.0530782)
698           (30.0443 -0.00649615 0.00179777) (29.7657 0.00540296 -0.00145819) (27.5478 0.00889031 -0.0530746)
699           (30.0443 -0.00649614 0.00179809) (29.7657 0.00540281 -0.00145216) (27.5478 0.00888957 -0.0530711)
700           (30.0443 -0.00649613 0.00179846) (29.7657 0.00540267 -0.00144618) (27.5479 0.00888883 -0.0530675)
701           (30.0443 -0.00649611 0.00179888) (29.7657 0.00540253 -0.00144023) (27.5479 0.0088881 -0.053064)
702           (30.0443 -0.00649609 0.00179933) (29.7657 0.00540239 -0.00143432) (27.5479 0.00888738 -0.0530604)
703           (30.0443 -0.00649607 0.00179979) (29.7657 0.00540225 -0.00142844) (27.548 0.00888665 -0.0530568)
704           (30.0443 -0.00649605 0.00180022) (29.7657 0.00540211 -0.00142258) (27.548 0.00888593 -0.0530532)
705           (30.0443 -0.00649604 0.00180062) (29.7656 0.00540197 -0.00141675) (27.548 0.00888521 -0.0530495)
706           (30.0443 -0.00649602 0.00180101) (29.7656 0.00540184 -0.00141096) (27.5481 0.00888449 -0.0530459)
707           (30.0443 -0.006496 0.00180141) (29.7656 0.00540171 -0.00140522) (27.5481 0.00888377 -0.0530422)
708           (30.0443 -0.00649599 0.00180186) (29.7656 0.00540157 -0.00139953) (27.5481 0.00888306 -0.0530386)
709           (30.0443 -0.00649597 0.00180235) (29.7656 0.00540144 -0.00139388) (27.5482 0.00888235 -0.0530349)
710           (30.0443 -0.00649595 0.00180285) (29.7656 0.00540132 -0.00138824) (27.5482 0.00888164 -0.0530311)
711           (30.0443 -0.00649592 0.00180333) (29.7656 0.00540119 -0.00138262) (27.5482 0.00888093 -0.0530273)
712           (30.0443 -0.0064959 0.00180379) (29.7656 0.00540107 -0.001377) (27.5483 0.00888023 -0.0530235)
713           (30.0443 -0.00649588 0.00180421) (29.7656 0.00540094 -0.0013714) (27.5483 0.00887953 -0.0530195)
714           (30.0443 -0.00649586 0.00180463) (29.7656 0.00540082 -0.0013658) (27.5483 0.00887883 -0.0530156)
715           (30.0443 -0.00649584 0.00180508) (29.7655 0.0054007 -0.0013602) (27.5484 0.00887814 -0.0530116)
716           (30.0443 -0.00649582 0.00180557) (29.7655 0.00540058 -0.00135459) (27.5484 0.00887746 -0.0530076)
717           (30.0443 -0.0064958 0.00180609) (29.7655 0.00540046 -0.00134897) (27.5484 0.00887677 -0.0530036)
718           (30.0443 -0.00649577 0.00180661) (29.7655 0.00540034 -0.00134333) (27.5485 0.00887609 -0.0529995)
719           (30.0444 -0.00649575 0.0018071) (29.7655 0.00540022 -0.00133765) (27.5485 0.00887541 -0.0529954)
720           (30.0444 -0.00649572 0.00180756) (29.7655 0.00540011 -0.00133193) (27.5485 0.00887474 -0.0529912)
721           (30.0444 -0.00649569 0.001808) (29.7655 0.00539999 -0.00132616) (27.5485 0.00887407 -0.052987)
722           (30.0444 -0.00649567 0.00180843) (29.7655 0.00539988 -0.00132034) (27.5486 0.00887341 -0.0529827)
723           (30.0444 -0.00649565 0.0018089) (29.7655 0.00539977 -0.00131446) (27.5486 0.00887276 -0.0529785)
724           (30.0444 -0.00649562 0.0018094) (29.7654 0.00539966 -0.00130854) (27.5486 0.0088721 -0.0529742)
725           (30.0444 -0.0064956 0.00180992) (29.7654 0.00539955 -0.00130259) (27.5487 0.00887145 -0.0529699)
726           (30.0444 -0.00649557 0.00181043) (29.7654 0.00539944 -0.00129663) (27.5487 0.00887081 -0.0529657)
727           (30.0444 -0.00649554 0.00181092) (29.7654 0.00539934 -0.00129067) (27.5487 0.00887017 -0.0529614)
728           (30.0444 -0.00649551 0.00181139) (29.7654 0.00539924 -0.00128472) (27.5488 0.00886954 -0.0529572)
729           (30.0444 -0.00649548 0.00181183) (29.7654 0.00539914 -0.00127879) (27.5488 0.00886891 -0.052953)
730           (30.0444 -0.00649546 0.00181227) (29.7654 0.00539904 -0.0012729) (27.5488 0.00886828 -0.0529488)
731           (30.0444 -0.00649543 0.00181272) (29.7654 0.00539894 -0.00126708) (27.5488 0.00886766 -0.0529446)
732           (30.0444 -0.0064954 0.0018132) (29.7654 0.00539885 -0.00126134) (27.5489 0.00886705 -0.0529404)
733           (30.0444 -0.00649537 0.00181369) (29.7654 0.00539876 -0.00125569) (27.5489 0.00886643 -0.0529363)
734           (30.0444 -0.00649534 0.00181418) (29.7653 0.00539867 -0.00125015) (27.5489 0.00886582 -0.0529322)
735           (30.0444 -0.00649531 0.00181466) (29.7653 0.00539859 -0.00124473) (27.549 0.00886522 -0.0529282)
736           (30.0444 -0.00649528 0.0018151) (29.7653 0.0053985 -0.00123942) (27.549 0.00886461 -0.0529242)
737           (30.0444 -0.00649525 0.00181552) (29.7653 0.00539842 -0.00123421) (27.549 0.00886402 -0.0529202)
738           (30.0444 -0.00649522 0.00181594) (29.7653 0.00539834 -0.0012291) (27.549 0.00886342 -0.0529162)
739           (30.0444 -0.00649519 0.00181638) (29.7653 0.00539826 -0.00122405) (27.5491 0.00886283 -0.0529121)
740           (30.0444 -0.00649516 0.00181685) (29.7653 0.00539818 -0.00121906) (27.5491 0.00886224 -0.0529081)
741           (30.0444 -0.00649513 0.00181734) (29.7653 0.0053981 -0.00121408) (27.5491 0.00886165 -0.0529041)
742           (30.0444 -0.00649509 0.00181784) (29.7653 0.00539803 -0.0012091) (27.5492 0.00886107 -0.0529)
743           (30.0444 -0.00649506 0.00181831) (29.7653 0.00539795 -0.00120411) (27.5492 0.00886048 -0.052896)
744           (30.0444 -0.00649502 0.00181875) (29.7653 0.00539787 -0.0011991) (27.5492 0.00885991 -0.0528919)
745           (30.0444 -0.00649499 0.00181917) (29.7652 0.0053978 -0.00119406) (27.5492 0.00885933 -0.0528879)
746           (30.0444 -0.00649496 0.00181958) (29.7652 0.00539772 -0.00118898) (27.5493 0.00885876 -0.0528839)
747           (30.0444 -0.00649493 0.00182004) (29.7652 0.00539765 -0.00118385) (27.5493 0.0088582 -0.0528799)
748           (30.0444 -0.00649489 0.00182054) (29.7652 0.00539758 -0.00117864) (27.5493 0.00885764 -0.0528758)
749           (30.0444 -0.00649486 0.00182106) (29.7652 0.0053975 -0.00117336) (27.5494 0.00885708 -0.0528717)
750           (30.0444 -0.00649482 0.00182157) (29.7652 0.00539743 -0.00116799) (27.5494 0.00885652 -0.0528677)
751           (30.0444 -0.00649478 0.00182205) (29.7652 0.00539736 -0.00116257) (27.5494 0.00885597 -0.0528637)
752           (30.0444 -0.00649475 0.00182249) (29.7652 0.00539729 -0.00115712) (27.5494 0.00885542 -0.0528597)
753           (30.0444 -0.00649471 0.00182291) (29.7652 0.00539722 -0.00115167) (27.5495 0.00885488 -0.0528558)
754           (30.0444 -0.00649468 0.00182335) (29.7652 0.00539715 -0.00114624) (27.5495 0.00885434 -0.0528521)
755           (30.0444 -0.00649465 0.00182384) (29.7652 0.00539709 -0.00114085) (27.5495 0.00885381 -0.0528484)
756           (30.0444 -0.00649461 0.00182437) (29.7652 0.00539702 -0.00113548) (27.5495 0.00885328 -0.0528449)
757           (30.0444 -0.00649457 0.00182491) (29.7651 0.00539695 -0.00113015) (27.5496 0.00885276 -0.0528414)
758           (30.0444 -0.00649453 0.00182542) (29.7651 0.00539689 -0.00112486) (27.5496 0.00885224 -0.0528381)
759           (30.0444 -0.00649449 0.0018259) (29.7651 0.00539683 -0.00111961) (27.5496 0.00885172 -0.0528349)
760           (30.0444 -0.00649446 0.00182634) (29.7651 0.00539676 -0.00111442) (27.5496 0.0088512 -0.0528318)
761           (30.0444 -0.00649442 0.00182678) (29.7651 0.0053967 -0.00110927) (27.5497 0.00885069 -0.0528288)
762           (30.0444 -0.00649439 0.00182725) (29.7651 0.00539664 -0.00110416) (27.5497 0.00885019 -0.0528259)
763           (30.0444 -0.00649435 0.00182776) (29.7651 0.00539658 -0.00109908) (27.5497 0.00884969 -0.052823)
764           (30.0444 -0.00649431 0.00182831) (29.7651 0.00539652 -0.00109405) (27.5498 0.00884919 -0.0528202)
765           (30.0444 -0.00649427 0.00182884) (29.7651 0.00539646 -0.00108904) (27.5498 0.0088487 -0.0528173)
766           (30.0444 -0.00649423 0.00182935) (29.7651 0.00539641 -0.00108407) (27.5498 0.00884821 -0.0528145)
767           (30.0444 -0.00649419 0.00182982) (29.7651 0.00539635 -0.00107911) (27.5498 0.00884772 -0.0528116)
768           (30.0444 -0.00649415 0.00183027) (29.7651 0.00539629 -0.00107414) (27.5499 0.00884724 -0.0528086)
769           (30.0444 -0.00649412 0.00183072) (29.7651 0.00539624 -0.00106916) (27.5499 0.00884676 -0.0528056)
770           (30.0444 -0.00649408 0.00183121) (29.7651 0.00539619 -0.00106415) (27.5499 0.00884628 -0.0528025)
771           (30.0444 -0.00649405 0.00183173) (29.765 0.00539613 -0.00105912) (27.5499 0.00884581 -0.0527993)
772           (30.0444 -0.00649401 0.00183226) (29.765 0.00539608 -0.00105409) (27.55 0.00884534 -0.052796)
773           (30.0444 -0.00649397 0.00183279) (29.765 0.00539604 -0.00104905) (27.55 0.00884486 -0.0527927)
774           (30.0444 -0.00649393 0.00183329) (29.765 0.00539599 -0.00104399) (27.55 0.00884439 -0.0527893)
775           (30.0444 -0.00649389 0.00183376) (29.765 0.00539594 -0.0010389) (27.55 0.00884393 -0.0527859)
776           (30.0444 -0.00649385 0.00183421) (29.765 0.0053959 -0.00103378) (27.5501 0.00884346 -0.0527824)
777           (30.0444 -0.00649381 0.00183466) (29.765 0.00539585 -0.00102863) (27.5501 0.008843 -0.0527788)
778           (30.0444 -0.00649378 0.00183514) (29.765 0.00539581 -0.00102346) (27.5501 0.00884254 -0.0527751)
779           (30.0444 -0.00649374 0.00183565) (29.765 0.00539577 -0.00101827) (27.5502 0.00884208 -0.0527714)
780           (30.0444 -0.0064937 0.00183618) (29.765 0.00539573 -0.00101308) (27.5502 0.00884162 -0.0527676)
781           (30.0444 -0.00649366 0.00183671) (29.765 0.00539569 -0.00100789) (27.5502 0.00884116 -0.0527638)
782           (30.0444 -0.00649362 0.00183722) (29.765 0.00539566 -0.00100269) (27.5502 0.0088407 -0.0527599)
783           (30.0444 -0.00649358 0.00183771) (29.765 0.00539562 -0.000997487) (27.5503 0.00884025 -0.052756)
784           (30.0444 -0.00649354 0.00183817) (29.765 0.00539559 -0.000992289) (27.5503 0.00883979 -0.052752)
785           (30.0444 -0.0064935 0.00183863) (29.765 0.00539555 -0.000987113) (27.5503 0.00883933 -0.0527481)
786           (30.0444 -0.00649346 0.00183913) (29.765 0.00539552 -0.000981972) (27.5503 0.00883888 -0.0527441)
787           (30.0444 -0.00649343 0.00183966) (29.765 0.00539549 -0.000976872) (27.5504 0.00883843 -0.0527402)
788           (30.0444 -0.00649339 0.00184021) (29.765 0.00539546 -0.000971806) (27.5504 0.00883798 -0.0527363)
789           (30.0444 -0.00649334 0.00184076) (29.765 0.00539543 -0.000966768) (27.5504 0.00883753 -0.0527324)
790           (30.0444 -0.0064933 0.00184129) (29.765 0.00539541 -0.000961751) (27.5504 0.00883708 -0.0527285)
791           (30.0444 -0.00649326 0.00184177) (29.765 0.00539538 -0.000956758) (27.5505 0.00883663 -0.0527247)
792           (30.0444 -0.00649323 0.00184224) (29.765 0.00539536 -0.000951797) (27.5505 0.00883619 -0.0527209)
793           (30.0444 -0.00649319 0.00184271) (29.765 0.00539534 -0.000946876) (27.5505 0.00883574 -0.0527171)
794           (30.0444 -0.00649315 0.00184322) (29.765 0.00539531 -0.000941994) (27.5506 0.0088353 -0.0527134)
795           (30.0444 -0.00649311 0.00184376) (29.7649 0.00539529 -0.000937142) (27.5506 0.00883486 -0.0527097)
796           (30.0444 -0.00649307 0.00184432) (29.7649 0.00539527 -0.00093231) (27.5506 0.00883442 -0.052706)
797           (30.0444 -0.00649303 0.00184486) (29.7649 0.00539526 -0.000927495) (27.5506 0.00883398 -0.0527024)
798           (30.0444 -0.00649299 0.00184536) (29.7649 0.00539524 -0.000922708) (27.5507 0.00883355 -0.0526989)
799           (30.0444 -0.00649296 0.00184582) (29.7649 0.00539523 -0.000917962) (27.5507 0.00883312 -0.0526955)
800           (30.0444 -0.00649292 0.00184626) (29.7649 0.00539521 -0.000913258) (27.5507 0.00883269 -0.0526921)
801           (30.0445 -0.00649289 0.00184673) (29.7649 0.0053952 -0.000908583) (27.5507 0.00883227 -0.0526887)
802           (30.0445 -0.00649285 0.00184724) (29.7649 0.00539519 -0.000903916) (27.5508 0.00883185 -0.0526854)
803           (30.0445 -0.00649281 0.00184778) (29.7649 0.00539518 -0.000899244) (27.5508 0.00883143 -0.052682)
804           (30.0445 -0.00649277 0.00184833) (29.7649 0.00539518 -0.000894569) (27.5508 0.00883101 -0.0526787)
805           (30.0445 -0.00649274 0.00184885) (29.7649 0.00539517 -0.000889904) (27.5508 0.0088306 -0.0526754)
806           (30.0445 -0.0064927 0.00184933) (29.7649 0.00539517 -0.000885267) (27.5509 0.00883019 -0.0526721)
807           (30.0445 -0.00649266 0.00184978) (29.7649 0.00539517 -0.000880663) (27.5509 0.00882979 -0.0526688)
808           (30.0445 -0.00649262 0.00185024) (29.7649 0.00539516 -0.000876085) (27.5509 0.00882939 -0.0526655)
809           (30.0445 -0.00649259 0.00185072) (29.7649 0.00539516 -0.000871523) (27.5509 0.00882899 -0.0526623)
810           (30.0445 -0.00649255 0.00185126) (29.7649 0.00539516 -0.00086697) (27.551 0.0088286 -0.052659)
811           (30.0445 -0.00649252 0.00185182) (29.7649 0.00539517 -0.000862429) (27.551 0.00882821 -0.0526557)
812           (30.0445 -0.00649248 0.00185239) (29.7649 0.00539517 -0.000857908) (27.551 0.00882782 -0.0526524)
813           (30.0445 -0.00649244 0.00185294) (29.7649 0.00539517 -0.000853418) (27.5511 0.00882744 -0.0526492)
814           (30.0445 -0.0064924 0.00185346) (29.7649 0.00539518 -0.000848962) (27.5511 0.00882706 -0.0526459)
815           (30.0445 -0.00649237 0.00185396) (29.7649 0.00539519 -0.000844539) (27.5511 0.00882669 -0.0526426)
816           (30.0445 -0.00649233 0.00185448) (29.7649 0.00539519 -0.000840143) (27.5511 0.00882632 -0.0526393)
817           (30.0445 -0.0064923 0.00185502) (29.7649 0.0053952 -0.000835766) (27.5512 0.00882595 -0.052636)
818           (30.0445 -0.00649227 0.0018556) (29.7649 0.00539521 -0.000831404) (27.5512 0.00882559 -0.0526326)
819           (30.0445 -0.00649223 0.0018562) (29.7649 0.00539522 -0.000827054) (27.5512 0.00882523 -0.0526292)
820           (30.0445 -0.0064922 0.00185681) (29.7649 0.00539523 -0.000822716) (27.5512 0.00882487 -0.0526259)
821           (30.0445 -0.00649216 0.00185739) (29.7649 0.00539524 -0.000818391) (27.5513 0.00882452 -0.0526224)
822           (30.0445 -0.00649212 0.00185795) (29.7649 0.00539525 -0.000814078) (27.5513 0.00882417 -0.052619)
823           (30.0445 -0.00649209 0.00185849) (29.7649 0.00539527 -0.000809777) (27.5513 0.00882383 -0.0526156)
824           (30.0445 -0.00649205 0.00185904) (29.7649 0.00539528 -0.000805486) (27.5513 0.00882349 -0.0526122)
825           (30.0445 -0.00649202 0.00185962) (29.7649 0.0053953 -0.000801202) (27.5514 0.00882315 -0.0526087)
826           (30.0445 -0.00649199 0.00186023) (29.7649 0.00539531 -0.00079692) (27.5514 0.00882281 -0.0526053)
827           (30.0445 -0.00649195 0.00186086) (29.7649 0.00539533 -0.000792636) (27.5514 0.00882248 -0.0526018)
828           (30.0445 -0.00649192 0.00186148) (29.7649 0.00539535 -0.000788351) (27.5515 0.00882215 -0.0525984)
829           (30.0445 -0.00649188 0.00186209) (29.7649 0.00539537 -0.000784069) (27.5515 0.00882183 -0.052595)
830           (30.0445 -0.00649184 0.00186267) (29.7649 0.00539539 -0.000779789) (27.5515 0.0088215 -0.0525916)
831           (30.0445 -0.00649181 0.00186322) (29.7649 0.00539541 -0.000775513) (27.5515 0.00882118 -0.0525882)
832           (30.0445 -0.00649178 0.00186377) (29.7649 0.00539543 -0.00077124) (27.5516 0.00882087 -0.0525849)
833           (30.0445 -0.00649175 0.00186435) (29.7649 0.00539545 -0.000766973) (27.5516 0.00882055 -0.0525817)
834           (30.0445 -0.00649172 0.00186498) (29.7649 0.00539547 -0.000762715) (27.5516 0.00882024 -0.0525785)
835           (30.0445 -0.00649168 0.00186562) (29.7649 0.0053955 -0.000758442) (27.5516 0.00881993 -0.0525754)
836           (30.0445 -0.00649165 0.00186624) (29.7649 0.00539553 -0.000754165) (27.5517 0.00881962 -0.0525724)
837           (30.0445 -0.00649162 0.00186685) (29.7649 0.00539554 -0.000750034) (27.5517 0.00881932 -0.0525694)
838           (30.0445 -0.00649159 0.00186744) (29.7649 0.00539555 -0.00074595) (27.5517 0.00881903 -0.0525666)
839           (30.0445 -0.00649156 0.00186799) (29.7649 0.00539558 -0.000741836) (27.5518 0.00881873 -0.0525639)
840           (30.0445 -0.00649153 0.00186854) (29.7649 0.00539562 -0.000737763) (27.5518 0.00881843 -0.0525613)
841           (30.0445 -0.00649149 0.00186911) (29.7649 0.00539565 -0.00073372) (27.5518 0.00881812 -0.0525588)
842           (30.0445 -0.00649146 0.00186973) (29.7649 0.00539567 -0.000729843) (27.5518 0.00881783 -0.0525563)
843           (30.0445 -0.00649142 0.00187036) (29.7649 0.00539568 -0.000726036) (27.5519 0.00881753 -0.052554)
844           (30.0445 -0.00649138 0.00187096) (29.7649 0.0053957 -0.000722231) (27.5519 0.00881723 -0.0525518)
845           (30.0445 -0.00649133 0.00187154) (29.7649 0.00539573 -0.000718553) (27.5519 0.00881693 -0.0525497)
846           (30.0445 -0.00649129 0.0018721) (29.7649 0.00539575 -0.000714948) (27.552 0.00881664 -0.0525477)
847           (30.0445 -0.00649127 0.00187264) (29.7649 0.00539577 -0.000711372) (27.552 0.00881636 -0.0525457)
848           (30.0445 -0.00649124 0.00187323) (29.7649 0.00539578 -0.000707917) (27.552 0.00881608 -0.0525438)
849           (30.0445 -0.00649122 0.00187387) (29.7649 0.0053958 -0.000704491) (27.552 0.0088158 -0.052542)
850           (30.0445 -0.00649118 0.00187454) (29.7649 0.00539584 -0.000701037) (27.5521 0.00881552 -0.0525402)
851           (30.0445 -0.00649115 0.0018752) (29.7649 0.00539587 -0.000697619) (27.5521 0.00881525 -0.0525385)
852           (30.0445 -0.00649113 0.00187582) (29.7649 0.00539591 -0.000694221) (27.5521 0.00881497 -0.0525366)
853           (30.0445 -0.0064911 0.0018764) (29.7649 0.00539593 -0.000690909) (27.5521 0.00881471 -0.0525347)
854           (30.0445 -0.00649107 0.00187693) (29.7649 0.00539595 -0.000687582) (27.5522 0.00881445 -0.0525328)
855           (30.0445 -0.00649104 0.00187746) (29.7649 0.00539597 -0.000684269) (27.5522 0.00881419 -0.0525307)
856           (30.0445 -0.00649099 0.001878) (29.7649 0.005396 -0.000680873) (27.5522 0.00881392 -0.0525287)
857           (30.0445 -0.00649095 0.00187856) (29.7649 0.00539603 -0.000677437) (27.5523 0.00881365 -0.0525265)
858           (30.0445 -0.00649091 0.00187912) (29.7649 0.00539606 -0.000673933) (27.5523 0.00881338 -0.0525242)
859           (30.0445 -0.00649087 0.00187967) (29.7649 0.00539609 -0.000670442) (27.5523 0.00881312 -0.0525219)
860           (30.0445 -0.00649083 0.00188018) (29.7649 0.00539611 -0.00066693) (27.5523 0.00881285 -0.0525195)
861           (30.0445 -0.0064908 0.00188067) (29.7649 0.00539612 -0.000663462) (27.5524 0.0088126 -0.052517)
862           (30.0445 -0.00649077 0.00188115) (29.7649 0.00539615 -0.000659911) (27.5524 0.00881235 -0.0525145)
863           (30.0445 -0.00649074 0.00188163) (29.7649 0.00539618 -0.000656343) (27.5524 0.00881211 -0.0525119)
864           (30.0445 -0.00649072 0.00188214) (29.7649 0.00539619 -0.000652799) (27.5525 0.00881187 -0.0525091)
865           (30.0445 -0.00649069 0.00188268) (29.7649 0.00539622 -0.000649153) (27.5525 0.00881163 -0.0525065)
866           (30.0445 -0.00649066 0.00188322) (29.7649 0.00539626 -0.000645485) (27.5525 0.00881138 -0.0525037)
867           (30.0445 -0.00649063 0.00188376) (29.7649 0.00539628 -0.000641876) (27.5525 0.00881114 -0.0525009)
868           (30.0445 -0.0064906 0.00188427) (29.7649 0.0053963 -0.000638203) (27.5526 0.00881089 -0.0524981)
869           (30.0445 -0.00649055 0.00188472) (29.7649 0.00539633 -0.000634566) (27.5526 0.00881064 -0.0524953)
870           (30.0445 -0.00649051 0.00188516) (29.7649 0.00539633 -0.000631034) (27.5526 0.00881041 -0.0524924)
871           (30.0445 -0.00649047 0.00188561) (29.7649 0.00539634 -0.00062744) (27.5527 0.00881018 -0.0524896)
872           (30.0445 -0.00649042 0.00188607) (29.7649 0.00539636 -0.000623834) (27.5527 0.00880994 -0.0524868)
