# Residuals   
# Time        	Ux            	Uy            	Uz            	p             
0             	N/A	N/A
1             	1.000000e+00	1.000000e+00	1.000000e+00	1.000000e+00
2             	3.529964e-01	3.651033e-01	3.562974e-01	4.303858e-04
3             	4.795346e-01	4.101955e-01	2.764283e-01	7.684406e-05
4             	4.407387e-01	4.517619e-01	3.962296e-01	8.997240e-05
5             	5.366963e-01	5.474345e-01	5.559240e-01	7.545691e-04
6             	2.115552e-01	1.512548e-01	1.418731e-01	3.307125e-04
7             	1.507612e-01	1.275933e-01	1.261180e-01	2.391423e-04
8             	9.197050e-02	8.577702e-02	8.792120e-02	1.920613e-03
9             	1.372768e-01	9.223838e-02	9.777677e-02	3.687127e-04
10            	7.639691e-02	7.308073e-02	7.087261e-02	3.111146e-04
11            	5.184532e-02	7.482531e-02	6.447852e-02	2.046943e-03
12            	7.210607e-02	7.315378e-02	7.172616e-02	4.703597e-04
13            	4.788953e-02	5.952827e-02	5.773340e-02	4.273832e-04
14            	3.829989e-02	4.904335e-02	4.837770e-02	1.111553e-01
15            	4.568681e-02	4.995840e-02	5.148549e-02	4.597302e-04
16            	3.296622e-02	4.981931e-02	4.796121e-02	4.430472e-04
17            	2.617480e-02	4.493575e-02	4.314272e-02	1.969846e-03
18            	3.030809e-02	4.233860e-02	4.234407e-02	1.008505e-03
19            	2.580008e-02	4.124272e-02	4.093756e-02	1.273901e-03
20            	2.134952e-02	4.174555e-02	4.203046e-02	2.058183e-03
21            	2.212772e-02	4.325991e-02	4.405627e-02	7.126644e-04
22            	2.049412e-02	4.257135e-02	4.217657e-02	7.678457e-04
23            	1.813055e-02	3.980970e-02	3.914125e-02	1.735303e-03
24            	1.837023e-02	3.942229e-02	3.817528e-02	8.787115e-02
25            	1.772782e-02	4.075115e-02	3.899672e-02	9.406999e-03
26            	1.599703e-02	4.247195e-02	4.034447e-02	2.139687e-03
27            	1.570405e-02	4.262817e-02	4.027513e-02	1.293892e-03
28            	1.635971e-02	4.167881e-02	3.889235e-02	1.344674e-03
29            	1.586435e-02	4.126046e-02	3.787982e-02	1.686230e-03
30            	1.540480e-02	4.145832e-02	3.756718e-02	2.508505e-03
31            	1.533898e-02	4.254627e-02	3.814921e-02	3.018490e-03
32            	1.464264e-02	4.357302e-02	3.896603e-02	2.327096e-03
33            	1.433416e-02	4.336436e-02	3.864680e-02	1.765638e-03
34            	1.453256e-02	4.285489e-02	3.802080e-02	1.496068e-03
35            	1.446835e-02	4.274449e-02	3.793725e-02	1.508236e-03
36            	1.402079e-02	4.303087e-02	3.803607e-02	1.718538e-03
37            	1.362350e-02	4.339872e-02	3.808906e-02	1.918028e-03
38            	1.332962e-02	4.358478e-02	3.817789e-02	1.983462e-03
39            	1.315273e-02	4.354745e-02	3.834519e-02	1.790633e-03
40            	1.295036e-02	4.340523e-02	3.829573e-02	1.609966e-03
41            	1.269826e-02	4.331111e-02	3.814929e-02	1.536772e-03
42            	1.244282e-02	4.317566e-02	3.797469e-02	1.543874e-03
43            	1.218293e-02	4.294010e-02	3.771678e-02	1.566984e-03
44            	1.199740e-02	4.264843e-02	3.763536e-02	1.591811e-03
45            	1.183506e-02	4.237332e-02	3.758674e-02	1.529928e-03
46            	1.158452e-02	4.217358e-02	3.750545e-02	1.478614e-03
47            	1.129806e-02	4.210364e-02	3.746407e-02	1.425198e-03
48            	1.107830e-02	4.211406e-02	3.749078e-02	1.375813e-03
49            	1.096788e-02	4.198886e-02	3.748545e-02	1.338076e-03
50            	1.089220e-02	4.186440e-02	3.736264e-02	1.312209e-03
51            	1.074544e-02	4.176493e-02	3.725484e-02	1.300184e-03
52            	1.054269e-02	4.182555e-02	3.732307e-02	1.268587e-03
53            	1.036920e-02	4.202024e-02	3.764471e-02	1.243411e-03
54            	1.025094e-02	4.224421e-02	3.797212e-02	1.220429e-03
55            	1.014620e-02	4.242291e-02	3.819527e-02	1.220500e-03
56            	1.001616e-02	4.257105e-02	3.837673e-02	1.218965e-03
57            	9.863241e-03	4.293972e-02	3.875227e-02	1.217954e-03
58            	9.710183e-03	4.344829e-02	3.928658e-02	1.211335e-03
59            	9.571483e-03	4.393061e-02	3.978831e-02	1.219082e-03
60            	9.447616e-03	4.427388e-02	4.011166e-02	1.239447e-03
61            	9.323552e-03	4.454779e-02	4.028048e-02	1.267561e-03
62            	9.199597e-03	4.480481e-02	4.049175e-02	1.296642e-03
63            	9.091800e-03	4.505595e-02	4.070593e-02	1.318952e-03
64            	9.016553e-03	4.517629e-02	4.078626e-02	1.331398e-03
65            	8.977656e-03	4.515639e-02	4.063071e-02	1.344318e-03
66            	8.945741e-03	4.495334e-02	4.025415e-02	1.370872e-03
67            	8.893493e-03	4.478435e-02	3.988759e-02	1.402717e-03
68            	8.825191e-03	4.470576e-02	3.958277e-02	1.430826e-03
69            	8.753911e-03	4.458100e-02	3.923066e-02	1.445867e-03
70            	8.665330e-03	4.434165e-02	3.877025e-02	1.452362e-03
71            	8.543589e-03	4.411349e-02	3.821094e-02	1.446658e-03
72            	8.389359e-03	4.398332e-02	3.763786e-02	1.432470e-03
73            	8.187007e-03	4.388261e-02	3.721130e-02	1.409081e-03
74            	7.977715e-03	4.377838e-02	3.680377e-02	1.373480e-03
75            	7.790013e-03	4.371339e-02	3.641525e-02	1.341704e-03
76            	7.606433e-03	4.370390e-02	3.600959e-02	1.312651e-03
77            	7.424292e-03	4.365415e-02	3.564376e-02	1.276278e-03
78            	7.231714e-03	4.348209e-02	3.522125e-02	1.237309e-03
79            	7.055948e-03	4.321304e-02	3.476213e-02	1.199828e-03
80            	6.899197e-03	4.298165e-02	3.437265e-02	1.164810e-03
81            	6.766966e-03	4.282161e-02	3.403038e-02	1.127242e-03
82            	6.638324e-03	4.271723e-02	3.371740e-02	1.085710e-03
83            	6.509454e-03	4.260130e-02	3.338293e-02	1.048781e-03
84            	6.385537e-03	4.245572e-02	3.304395e-02	1.016442e-03
85            	6.275000e-03	4.228069e-02	3.272674e-02	9.880627e-04
86            	6.183323e-03	4.210119e-02	3.242992e-02	9.614388e-04
87            	6.095988e-03	4.189492e-02	3.212996e-02	9.380550e-04
88            	6.003361e-03	4.164080e-02	3.186251e-02	9.180884e-04
89            	5.903148e-03	4.131814e-02	3.166364e-02	9.009155e-04
90            	5.802098e-03	4.091621e-02	3.151530e-02	8.834919e-04
91            	5.701140e-03	4.049558e-02	3.137228e-02	8.632771e-04
92            	5.600850e-03	4.003538e-02	3.119972e-02	8.428525e-04
93            	5.504555e-03	3.952192e-02	3.098310e-02	8.263129e-04
94            	5.406313e-03	3.894162e-02	3.074572e-02	8.102578e-04
95            	5.303435e-03	3.829579e-02	3.050411e-02	7.949546e-04
96            	5.196639e-03	3.762094e-02	3.021913e-02	7.792683e-04
97            	5.084566e-03	3.692540e-02	2.988188e-02	7.639596e-04
98            	4.968219e-03	3.622556e-02	2.951956e-02	7.483789e-04
99            	4.845460e-03	3.552725e-02	2.915351e-02	7.313030e-04
100           	4.716446e-03	3.484628e-02	2.880665e-02	7.133662e-04
101           	4.581882e-03	3.419474e-02	2.846394e-02	6.944017e-04
102           	4.441824e-03	3.356055e-02	2.811293e-02	6.763101e-04
103           	4.294057e-03	3.290824e-02	2.775612e-02	6.600935e-04
104           	4.141633e-03	3.223844e-02	2.741090e-02	6.426734e-04
105           	3.987140e-03	3.151313e-02	2.702557e-02	6.257648e-04
106           	3.831874e-03	3.068782e-02	2.656638e-02	6.113800e-04
107           	3.678528e-03	2.976481e-02	2.605265e-02	5.976971e-04
108           	3.530147e-03	2.877377e-02	2.549615e-02	5.845870e-04
109           	3.386995e-03	2.773810e-02	2.488851e-02	5.723690e-04
110           	3.249951e-03	2.669016e-02	2.423960e-02	5.594918e-04
111           	3.117385e-03	2.567476e-02	2.356692e-02	5.467675e-04
112           	2.990132e-03	2.472382e-02	2.289358e-02	5.340771e-04
113           	2.867602e-03	2.387828e-02	2.224378e-02	5.218880e-04
114           	2.752076e-03	2.315505e-02	2.162416e-02	5.098187e-04
115           	2.644304e-03	2.256454e-02	2.107276e-02	4.975533e-04
116           	2.544199e-03	2.205040e-02	2.056688e-02	4.862357e-04
117           	2.451550e-03	2.155393e-02	2.008811e-02	4.761843e-04
118           	2.367395e-03	2.105447e-02	1.963229e-02	4.645515e-04
119           	2.288190e-03	2.051464e-02	1.921450e-02	4.524091e-04
120           	2.213557e-03	1.995244e-02	1.882264e-02	4.410922e-04
121           	2.142759e-03	1.938086e-02	1.844238e-02	4.313425e-04
122           	2.075411e-03	1.881265e-02	1.807438e-02	4.232134e-04
123           	2.012224e-03	1.828383e-02	1.771085e-02	4.151254e-04
124           	1.951530e-03	1.778395e-02	1.732400e-02	4.066120e-04
125           	1.892599e-03	1.723611e-02	1.685613e-02	3.973615e-04
126           	1.837376e-03	1.671833e-02	1.638420e-02	3.868894e-04
127           	1.784500e-03	1.621008e-02	1.590752e-02	3.752337e-04
128           	1.734130e-03	1.575717e-02	1.548827e-02	3.626059e-04
129           	1.686390e-03	1.528663e-02	1.507600e-02	3.503817e-04
130           	1.641050e-03	1.478704e-02	1.466416e-02	3.388341e-04
131           	1.597769e-03	1.427173e-02	1.425083e-02	3.272258e-04
132           	1.555998e-03	1.376622e-02	1.383852e-02	3.163413e-04
133           	1.515344e-03	1.327429e-02	1.343174e-02	3.058660e-04
134           	1.476580e-03	1.279187e-02	1.303532e-02	2.957410e-04
135           	1.438955e-03	1.233088e-02	1.265987e-02	2.867489e-04
136           	1.402663e-03	1.189258e-02	1.230837e-02	2.778872e-04
137           	1.368522e-03	1.145710e-02	1.195652e-02	2.702345e-04
138           	1.336834e-03	1.102816e-02	1.160467e-02	2.633827e-04
139           	1.307052e-03	1.062867e-02	1.127755e-02	2.569937e-04
140           	1.278890e-03	1.025295e-02	1.096647e-02	2.500884e-04
141           	1.252079e-03	9.889537e-03	1.065473e-02	2.426389e-04
142           	1.226340e-03	9.532935e-03	1.034421e-02	2.353060e-04
143           	1.201875e-03	9.200875e-03	1.005343e-02	2.282088e-04
144           	1.178875e-03	8.894679e-03	9.786006e-03	2.213544e-04
145           	1.157007e-03	8.601800e-03	9.529940e-03	2.148567e-04
146           	1.136742e-03	8.343235e-03	9.293577e-03	2.100232e-04
147           	1.117143e-03	8.071096e-03	9.041893e-03	2.048979e-04
148           	1.098384e-03	7.807852e-03	8.790636e-03	1.985003e-04
149           	1.080336e-03	7.574759e-03	8.557640e-03	1.922218e-04
150           	1.062842e-03	7.354621e-03	8.330903e-03	1.863124e-04
151           	1.046224e-03	7.172927e-03	8.133848e-03	1.814291e-04
152           	1.030071e-03	7.004216e-03	7.947529e-03	1.768411e-04
153           	1.013939e-03	6.830544e-03	7.764518e-03	1.722843e-04
154           	9.981015e-04	6.655021e-03	7.588362e-03	1.675035e-04
155           	9.827572e-04	6.489970e-03	7.427311e-03	1.629470e-04
156           	9.680163e-04	6.340799e-03	7.284262e-03	1.589533e-04
157           	9.539065e-04	6.203292e-03	7.157643e-03	1.553541e-04
158           	9.403530e-04	6.071526e-03	7.041120e-03	1.521222e-04
159           	9.276733e-04	5.953175e-03	6.936715e-03	1.497384e-04
160           	9.153122e-04	5.821898e-03	6.821250e-03	1.463372e-04
161           	9.039651e-04	5.717049e-03	6.727813e-03	1.438991e-04
162           	8.932835e-04	5.614787e-03	6.639433e-03	1.415841e-04
163           	8.829983e-04	5.516073e-03	6.553973e-03	1.390582e-04
164           	8.731269e-04	5.425060e-03	6.472196e-03	1.366456e-04
165           	8.635078e-04	5.341602e-03	6.394313e-03	1.345699e-04
166           	8.542280e-04	5.262792e-03	6.322598e-03	1.328323e-04
167           	8.453179e-04	5.188211e-03	6.256054e-03	1.314588e-04
168           	8.367717e-04	5.115727e-03	6.191821e-03	1.300244e-04
169           	8.284697e-04	5.048059e-03	6.129242e-03	1.282856e-04
170           	8.206121e-04	4.984386e-03	6.067920e-03	1.262954e-04
171           	8.130858e-04	4.926887e-03	6.011457e-03	1.242453e-04
172           	8.058603e-04	4.873662e-03	5.961511e-03	1.222885e-04
173           	7.988556e-04	4.822582e-03	5.914373e-03	1.206936e-04
174           	7.919593e-04	4.775221e-03	5.869479e-03	1.190869e-04
175           	7.851437e-04	4.731954e-03	5.825582e-03	1.174159e-04
176           	7.784943e-04	4.691725e-03	5.782902e-03	1.156170e-04
177           	7.721260e-04	4.651756e-03	5.738708e-03	1.139817e-04
178           	7.660217e-04	4.609931e-03	5.692206e-03	1.125312e-04
179           	7.600361e-04	4.567464e-03	5.645428e-03	1.114122e-04
180           	7.541206e-04	4.525379e-03	5.598337e-03	1.102752e-04
181           	7.483741e-04	4.484436e-03	5.551357e-03	1.091628e-04
182           	7.428693e-04	4.443132e-03	5.503909e-03	1.077716e-04
183           	7.375325e-04	4.399677e-03	5.455891e-03	1.062532e-04
184           	7.323711e-04	4.353985e-03	5.407881e-03	1.046607e-04
185           	7.273757e-04	4.306708e-03	5.360896e-03	1.032772e-04
186           	7.224502e-04	4.259624e-03	5.316103e-03	1.020864e-04
187           	7.174801e-04	4.212347e-03	5.273535e-03	1.013180e-04
188           	7.124005e-04	4.163418e-03	5.232607e-03	1.010152e-04
189           	7.072141e-04	4.112492e-03	5.192357e-03	1.009123e-04
190           	7.019474e-04	4.058549e-03	5.153007e-03	1.008419e-04
191           	6.965462e-04	4.001958e-03	5.115330e-03	1.007983e-04
192           	6.910790e-04	3.943168e-03	5.078703e-03	1.006166e-04
193           	6.854453e-04	3.882387e-03	5.042336e-03	1.003957e-04
194           	6.796220e-04	3.819705e-03	5.007545e-03	1.002710e-04
195           	6.735947e-04	3.754006e-03	4.972917e-03	1.002581e-04
196           	6.673816e-04	3.685991e-03	4.938427e-03	1.000262e-04
197           	6.610544e-04	3.617349e-03	4.904942e-03	9.956428e-05
198           	6.546058e-04	3.547869e-03	4.872781e-03	9.883165e-05
199           	6.480107e-04	3.480274e-03	4.839821e-03	9.807370e-05
200           	6.413675e-04	3.415945e-03	4.806868e-03	9.745413e-05
201           	6.347754e-04	3.356029e-03	4.774683e-03	9.677929e-05
202           	6.283592e-04	3.300043e-03	4.741786e-03	9.607592e-05
203           	6.222301e-04	3.247249e-03	4.709071e-03	9.520259e-05
204           	6.164388e-04	3.199178e-03	4.676607e-03	9.440876e-05
205           	6.110292e-04	3.154432e-03	4.644472e-03	9.373544e-05
206           	6.060116e-04	3.110730e-03	4.612212e-03	9.313384e-05
207           	6.012155e-04	3.068673e-03	4.578335e-03	9.240671e-05
208           	5.965060e-04	3.029635e-03	4.541998e-03	9.168346e-05
209           	5.917034e-04	2.993132e-03	4.502170e-03	9.085667e-05
210           	5.865790e-04	2.960326e-03	4.457684e-03	8.988120e-05
211           	5.810462e-04	2.932141e-03	4.407169e-03	8.909936e-05
212           	5.749028e-04	2.909209e-03	4.350571e-03	8.852097e-05
213           	5.680387e-04	2.890863e-03	4.287458e-03	8.805536e-05
214           	5.603565e-04	2.877330e-03	4.217743e-03	8.752583e-05
215           	5.518239e-04	2.866243e-03	4.143357e-03	8.683496e-05
216           	5.424917e-04	2.855309e-03	4.062956e-03	8.616512e-05
217           	5.323390e-04	2.839540e-03	3.976219e-03	8.559751e-05
218           	5.213246e-04	2.815730e-03	3.882384e-03	8.498816e-05
219           	5.095924e-04	2.781056e-03	3.781126e-03	8.426007e-05
220           	4.973043e-04	2.734499e-03	3.672871e-03	8.329663e-05
221           	4.846978e-04	2.676164e-03	3.559666e-03	8.206071e-05
222           	4.719701e-04	2.606087e-03	3.441333e-03	8.053070e-05
223           	4.594201e-04	2.528976e-03	3.325157e-03	7.891250e-05
224           	4.470231e-04	2.447672e-03	3.211956e-03	7.697744e-05
225           	4.349368e-04	2.365854e-03	3.104958e-03	7.495326e-05
226           	4.231803e-04	2.289123e-03	3.006878e-03	7.289367e-05
227           	4.116083e-04	2.222870e-03	2.920840e-03	7.087988e-05
228           	4.001395e-04	2.171004e-03	2.844518e-03	6.929304e-05
229           	3.887791e-04	2.130679e-03	2.775564e-03	6.844992e-05
230           	3.775294e-04	2.097573e-03	2.709516e-03	6.782446e-05
231           	3.664245e-04	2.064404e-03	2.642501e-03	6.708200e-05
232           	3.554322e-04	2.025875e-03	2.569429e-03	6.624384e-05
233           	3.445752e-04	1.982720e-03	2.491694e-03	6.512988e-05
234           	3.338620e-04	1.930477e-03	2.409377e-03	6.367620e-05
235           	3.235197e-04	1.867399e-03	2.323612e-03	6.212881e-05
236           	3.139323e-04	1.797545e-03	2.236389e-03	6.070268e-05
237           	3.041309e-04	1.733446e-03	2.138440e-03	5.897017e-05
238           	2.949830e-04	1.672271e-03	2.045023e-03	5.705072e-05
239           	2.870298e-04	1.604558e-03	1.959503e-03	5.515836e-05
240           	2.795492e-04	1.536746e-03	1.873363e-03	5.347548e-05
241           	2.722041e-04	1.474321e-03	1.785624e-03	5.156917e-05
242           	2.655468e-04	1.412885e-03	1.709281e-03	4.984374e-05
243           	2.596732e-04	1.349554e-03	1.645439e-03	4.820998e-05
244           	2.542947e-04	1.292329e-03	1.585187e-03	4.688977e-05
245           	2.492122e-04	1.241886e-03	1.526823e-03	4.568405e-05
246           	2.443814e-04	1.198619e-03	1.469100e-03	4.431907e-05
247           	2.399097e-04	1.154895e-03	1.419369e-03	4.322893e-05
248           	2.359013e-04	1.110123e-03	1.379259e-03	4.231975e-05
249           	2.321895e-04	1.069180e-03	1.342596e-03	4.159654e-05
250           	2.286928e-04	1.032914e-03	1.307619e-03	4.088738e-05
251           	2.253708e-04	1.000118e-03	1.274016e-03	4.006500e-05
252           	2.222242e-04	9.683533e-04	1.245910e-03	3.954912e-05
253           	2.193045e-04	9.364280e-04	1.221801e-03	3.912245e-05
254           	2.166006e-04	9.057883e-04	1.199777e-03	3.867414e-05
255           	2.140220e-04	8.778583e-04	1.179937e-03	3.836823e-05
256           	2.115757e-04	8.535390e-04	1.159247e-03	3.803158e-05
257           	2.092701e-04	8.312896e-04	1.137954e-03	3.738743e-05
258           	2.070405e-04	8.106191e-04	1.120588e-03	3.713985e-05
259           	2.049022e-04	7.908725e-04	1.106169e-03	3.698804e-05
260           	2.028654e-04	7.725609e-04	1.092361e-03	3.684366e-05
261           	2.009422e-04	7.566944e-04	1.077946e-03	3.660876e-05
262           	1.990949e-04	7.433053e-04	1.063894e-03	3.633594e-05
263           	1.972859e-04	7.318883e-04	1.050952e-03	3.610202e-05
264           	1.955235e-04	7.213544e-04	1.039373e-03	3.595890e-05
265           	1.937984e-04	7.116596e-04	1.028552e-03	3.587064e-05
266           	1.921222e-04	7.029877e-04	1.017413e-03	3.570276e-05
267           	1.904915e-04	6.960715e-04	1.005625e-03	3.550720e-05
268           	1.888715e-04	6.905382e-04	9.933405e-04	3.535963e-05
269           	1.872523e-04	6.854458e-04	9.806874e-04	3.526526e-05
270           	1.856530e-04	6.802855e-04	9.676694e-04	3.523187e-05
271           	1.840662e-04	6.750216e-04	9.543029e-04	3.520349e-05
272           	1.824824e-04	6.697218e-04	9.409463e-04	3.515798e-05
273           	1.808769e-04	6.650348e-04	9.277283e-04	3.510270e-05
274           	1.792348e-04	6.608827e-04	9.150836e-04	3.501605e-05
275           	1.775556e-04	6.569460e-04	9.028953e-04	3.485823e-05
276           	1.758641e-04	6.524098e-04	8.914133e-04	3.466334e-05
277           	1.741526e-04	6.475742e-04	8.803655e-04	3.438390e-05
278           	1.723897e-04	6.427778e-04	8.693898e-04	3.405197e-05
279           	1.705446e-04	6.379398e-04	8.588342e-04	3.369496e-05
280           	1.686195e-04	6.338105e-04	8.487884e-04	3.339134e-05
281           	1.666346e-04	6.299648e-04	8.390675e-04	3.308397e-05
282           	1.646301e-04	6.252265e-04	8.290983e-04	3.284003e-05
283           	1.626177e-04	6.196986e-04	8.189435e-04	3.256354e-05
284           	1.605955e-04	6.135745e-04	8.088024e-04	3.231361e-05
285           	1.585737e-04	6.073283e-04	7.987841e-04	3.200696e-05
286           	1.565499e-04	6.018043e-04	7.889886e-04	3.169162e-05
287           	1.545347e-04	5.971281e-04	7.795830e-04	3.136793e-05
288           	1.525134e-04	5.923398e-04	7.702745e-04	3.104865e-05
289           	1.504831e-04	5.872674e-04	7.610865e-04	3.074324e-05
290           	1.484680e-04	5.819727e-04	7.521895e-04	3.043709e-05
291           	1.464801e-04	5.766080e-04	7.433419e-04	3.014078e-05
292           	1.445169e-04	5.712055e-04	7.348954e-04	2.980337e-05
293           	1.425910e-04	5.660141e-04	7.269836e-04	2.945356e-05
294           	1.407093e-04	5.615848e-04	7.193101e-04	2.911245e-05
295           	1.388641e-04	5.575030e-04	7.119791e-04	2.880862e-05
296           	1.370416e-04	5.533066e-04	7.050597e-04	2.851868e-05
297           	1.352595e-04	5.490683e-04	6.985542e-04	2.821876e-05
298           	1.335113e-04	5.445731e-04	6.923380e-04	2.786218e-05
299           	1.318072e-04	5.397057e-04	6.865821e-04	2.753709e-05
300           	1.301571e-04	5.344464e-04	6.811364e-04	2.719904e-05
301           	1.285513e-04	5.290793e-04	6.761702e-04	2.688070e-05
302           	1.269899e-04	5.238418e-04	6.717619e-04	2.658134e-05
303           	1.254746e-04	5.184159e-04	6.676051e-04	2.627276e-05
304           	1.239931e-04	5.125796e-04	6.637239e-04	2.593375e-05
305           	1.225494e-04	5.063738e-04	6.600295e-04	2.561157e-05
306           	1.211428e-04	4.995840e-04	6.565072e-04	2.534411e-05
307           	1.197763e-04	4.924947e-04	6.531412e-04	2.506979e-05
308           	1.184514e-04	4.853856e-04	6.499743e-04	2.478772e-05
309           	1.171650e-04	4.781137e-04	6.468201e-04	2.450074e-05
310           	1.159144e-04	4.705819e-04	6.435655e-04	2.418885e-05
311           	1.146923e-04	4.627334e-04	6.402311e-04	2.394961e-05
312           	1.134945e-04	4.545859e-04	6.367496e-04	2.371082e-05
313           	1.123146e-04	4.461780e-04	6.331051e-04	2.346984e-05
314           	1.111534e-04	4.374826e-04	6.291896e-04	2.320438e-05
315           	1.100030e-04	4.285991e-04	6.249791e-04	2.297218e-05
316           	1.088547e-04	4.197446e-04	6.204628e-04	2.274244e-05
317           	1.077157e-04	4.110901e-04	6.157400e-04	2.256349e-05
318           	1.065810e-04	4.024613e-04	6.107204e-04	2.234453e-05
319           	1.054477e-04	3.937430e-04	6.052658e-04	2.211561e-05
320           	1.043168e-04	3.849619e-04	5.994327e-04	2.189916e-05
321           	1.031870e-04	3.762367e-04	5.933698e-04	2.169811e-05
322           	1.020593e-04	3.677216e-04	5.871405e-04	2.148961e-05
323           	1.009248e-04	3.593389e-04	5.806106e-04	2.128212e-05
324           	9.978817e-05	3.511713e-04	5.738386e-04	2.109618e-05
325           	9.864784e-05	3.432737e-04	5.669952e-04	2.094746e-05
326           	9.750816e-05	3.356825e-04	5.600899e-04	2.077547e-05
327           	9.637065e-05	3.283849e-04	5.531278e-04	2.057308e-05
328           	9.523152e-05	3.214061e-04	5.461811e-04	2.038682e-05
329           	9.408438e-05	3.149299e-04	5.392036e-04	2.019859e-05
330           	9.293021e-05	3.088187e-04	5.322142e-04	2.003445e-05
331           	9.177246e-05	3.030297e-04	5.252207e-04	1.985568e-05
332           	9.062039e-05	2.974634e-04	5.182741e-04	1.967859e-05
333           	8.947503e-05	2.921306e-04	5.113575e-04	1.947923e-05
334           	8.834601e-05	2.870456e-04	5.045147e-04	1.927439e-05
335           	8.722548e-05	2.822541e-04	4.976738e-04	1.909134e-05
336           	8.611659e-05	2.777397e-04	4.908677e-04	1.893516e-05
337           	8.501953e-05	2.734468e-04	4.841418e-04	1.879730e-05
338           	8.393827e-05	2.693010e-04	4.774977e-04	1.862972e-05
339           	8.286076e-05	2.652778e-04	4.709630e-04	1.845309e-05
340           	8.179987e-05	2.613821e-04	4.645245e-04	1.827471e-05
341           	8.074847e-05	2.576508e-04	4.582219e-04	1.810223e-05
342           	7.970494e-05	2.540618e-04	4.520749e-04	1.791411e-05
343           	7.866751e-05	2.505942e-04	4.461516e-04	1.773306e-05
344           	7.763841e-05	2.472353e-04	4.403864e-04	1.756981e-05
345           	7.661448e-05	2.439437e-04	4.347278e-04	1.744057e-05
346           	7.559586e-05	2.407013e-04	4.292038e-04	1.729584e-05
347           	7.458521e-05	2.374797e-04	4.236933e-04	1.716658e-05
348           	7.358851e-05	2.342429e-04	4.183047e-04	1.699326e-05
349           	7.259640e-05	2.310115e-04	4.130268e-04	1.683423e-05
350           	7.161898e-05	2.278014e-04	4.078405e-04	1.664956e-05
351           	7.064575e-05	2.245333e-04	4.026369e-04	1.646271e-05
352           	6.968136e-05	2.212024e-04	3.975120e-04	1.624171e-05
353           	6.873221e-05	2.177574e-04	3.924170e-04	1.606658e-05
354           	6.780459e-05	2.142731e-04	3.873914e-04	1.587524e-05
355           	6.689491e-05	2.107267e-04	3.823796e-04	1.571152e-05
356           	6.600418e-05	2.072444e-04	3.774871e-04	1.592329e-05
357           	6.500801e-05	2.032047e-04	3.770646e-04	1.592289e-05
358           	6.413142e-05	1.996598e-04	3.770499e-04	1.574935e-05
359           	6.325679e-05	1.964586e-04	3.722397e-04	1.559043e-05
360           	6.238091e-05	1.933119e-04	3.642801e-04	1.543659e-05
361           	6.155137e-05	1.901244e-04	3.572897e-04	1.523554e-05
362           	6.073322e-05	1.869714e-04	3.528979e-04	1.507398e-05
363           	5.990345e-05	1.841445e-04	3.500328e-04	1.497270e-05
364           	5.906425e-05	1.818248e-04	3.463158e-04	1.488589e-05
365           	5.827368e-05	1.795353e-04	3.426625e-04	1.475230e-05
366           	5.749131e-05	1.773934e-04	3.380388e-04	1.458872e-05
367           	5.670001e-05	1.753287e-04	3.330727e-04	1.449330e-05
368           	5.589524e-05	1.733466e-04	3.282158e-04	1.442710e-05
369           	5.513675e-05	1.714905e-04	3.250937e-04	1.432797e-05
370           	5.439530e-05	1.699148e-04	3.221309e-04	1.419097e-05
371           	5.363148e-05	1.688285e-04	3.182349e-04	1.412426e-05
372           	5.290600e-05	1.673700e-04	3.146045e-04	1.399692e-05
373           	5.217026e-05	1.662164e-04	3.106878e-04	1.392769e-05
374           	5.147415e-05	1.648687e-04	3.074568e-04	1.378038e-05
375           	5.076004e-05	1.641452e-04	3.040462e-04	1.370533e-05
376           	5.007627e-05	1.629622e-04	3.013917e-04	1.356485e-05
377           	4.937286e-05	1.621847e-04	2.980452e-04	1.349777e-05
378           	4.870408e-05	1.610228e-04	2.952243e-04	1.335171e-05
379           	4.802107e-05	1.602647e-04	2.918144e-04	1.327190e-05
380           	4.735926e-05	1.594333e-04	2.888789e-04	1.317150e-05
381           	4.672472e-05	1.582970e-04	2.863416e-04	1.300737e-05
382           	4.606434e-05	1.576826e-04	2.830139e-04	1.288191e-05
383           	4.541801e-05	1.569704e-04	2.799575e-04	1.281202e-05
384           	4.481529e-05	1.559382e-04	2.778071e-04	1.264231e-05
385           	4.419091e-05	1.551965e-04	2.746612e-04	1.253586e-05
386           	4.358369e-05	1.544046e-04	2.717236e-04	1.239999e-05
387           	4.299266e-05	1.556314e-04	2.690811e-04	1.223736e-05
388           	4.238356e-05	1.565910e-04	2.653702e-04	1.210870e-05
389           	4.180043e-05	1.559360e-04	2.623627e-04	1.205071e-05
390           	4.126262e-05	1.541917e-04	2.605319e-04	1.188800e-05
391           	4.070129e-05	1.527853e-04	2.574690e-04	1.179581e-05
392           	4.015366e-05	1.521521e-04	2.543947e-04	1.169845e-05
393           	3.963772e-05	1.518957e-04	2.520380e-04	1.156510e-05
394           	3.910239e-05	1.514477e-04	2.486138e-04	1.144486e-05
395           	3.858323e-05	1.505462e-04	2.456069e-04	1.137358e-05
396           	3.809959e-05	1.494205e-04	2.436715e-04	1.123583e-05
397           	3.759444e-05	1.482648e-04	2.404444e-04	1.117358e-05
398           	3.711576e-05	1.473241e-04	2.378477e-04	1.107476e-05
399           	3.662263e-05	1.463271e-04	2.342425e-04	1.103678e-05
400           	3.616583e-05	1.454172e-04	2.318642e-04	1.094499e-05
401           	3.569692e-05	1.442171e-04	2.286050e-04	1.090163e-05
402           	3.525863e-05	1.430984e-04	2.263309e-04	1.078790e-05
403           	3.480389e-05	1.418398e-04	2.229605e-04	1.073278e-05
404           	3.437852e-05	1.407781e-04	2.204433e-04	1.071305e-05
405           	3.396759e-05	1.377952e-04	2.179018e-04	1.067233e-05
406           	3.354781e-05	1.349347e-04	2.145736e-04	1.063213e-05
407           	3.315081e-05	1.337841e-04	2.122816e-04	1.059377e-05
408           	3.275502e-05	1.334379e-04	2.097734e-04	1.052781e-05
409           	3.235077e-05	1.324845e-04	2.062796e-04	1.052451e-05
410           	3.197925e-05	1.312123e-04	2.040247e-04	1.047334e-05
411           	3.160150e-05	1.292690e-04	2.009670e-04	1.045190e-05
412           	3.125091e-05	1.277645e-04	1.987787e-04	1.038181e-05
413           	3.088401e-05	1.263062e-04	1.955260e-04	1.035512e-05
414           	3.053187e-05	1.251495e-04	1.926034e-04	1.031214e-05
415           	3.020589e-05	1.242417e-04	1.905482e-04	1.024168e-05
416           	2.986455e-05	1.227323e-04	1.874023e-04	1.018069e-05
417           	2.953402e-05	1.212012e-04	1.844265e-04	1.015471e-05
418           	2.923202e-05	1.201073e-04	1.823435e-04	1.005413e-05
419           	2.891316e-05	1.186669e-04	1.791844e-04	9.994625e-06
420           	2.860736e-05	1.174378e-04	1.763190e-04	9.922811e-06
421           	2.832383e-05	1.165595e-04	1.742811e-04	9.848785e-06
422           	2.802963e-05	1.151011e-04	1.712533e-04	9.774134e-06
423           	2.774513e-05	1.137353e-04	1.684220e-04	9.732504e-06
424           	2.748394e-05	1.128392e-04	1.664772e-04	9.627648e-06
425           	2.721174e-05	1.114419e-04	1.635217e-04	9.563202e-06
426           	2.695133e-05	1.101788e-04	1.608534e-04	9.489528e-06
427           	2.669740e-05	1.091209e-04	1.586005e-04	9.423741e-06
428           	2.647290e-05	1.083829e-04	1.569805e-04	9.312240e-06
429           	2.622638e-05	1.070009e-04	1.541848e-04	9.266387e-06
430           	2.599066e-05	1.057252e-04	1.516291e-04	9.220332e-06
431           	2.576087e-05	1.046835e-04	1.495912e-04	9.191649e-06
432           	2.554099e-05	1.038194e-04	1.479714e-04	9.110415e-06
433           	2.535007e-05	1.031835e-04	1.465966e-04	9.030980e-06
434           	2.513659e-05	1.018417e-04	1.439602e-04	8.952698e-06
435           	2.492685e-05	1.006546e-04	1.415233e-04	8.977116e-06
436           	2.473783e-05	1.000885e-04	1.378891e-04	8.926950e-06
437           	2.455102e-05	9.964016e-05	1.348150e-04	8.863484e-06
438           	2.436610e-05	9.889495e-05	1.331322e-04	8.786674e-06
439           	2.418653e-05	9.790460e-05	1.321722e-04	8.752368e-06
440           	2.401061e-05	9.682263e-05	1.307668e-04	8.697714e-06
441           	2.383786e-05	9.586220e-05	1.286284e-04	8.668442e-06
442           	2.366678e-05	9.516294e-05	1.265129e-04	8.614573e-06
443           	2.349181e-05	9.461005e-05	1.248371e-04	8.587861e-06
444           	2.331913e-05	9.393266e-05	1.235073e-04	8.544177e-06
445           	2.315376e-05	9.312562e-05	1.221497e-04	8.516548e-06
446           	2.299733e-05	9.222528e-05	1.205819e-04	8.455362e-06
447           	2.284121e-05	9.131476e-05	1.188291e-04	8.419464e-06
448           	2.268365e-05	9.053877e-05	1.172829e-04	8.361586e-06
449           	2.251979e-05	8.991872e-05	1.160581e-04	8.336445e-06
450           	2.235843e-05	8.928382e-05	1.149145e-04	8.287542e-06
451           	2.220474e-05	8.856540e-05	1.136021e-04	8.257625e-06
452           	2.205910e-05	8.771432e-05	1.120891e-04	8.201135e-06
453           	2.190966e-05	8.686815e-05	1.105711e-04	8.168328e-06
454           	2.175700e-05	8.618575e-05	1.093433e-04	8.126906e-06
455           	2.159978e-05	8.567238e-05	1.083968e-04	8.086182e-06
456           	2.144798e-05	8.514223e-05	1.074522e-04	8.010940e-06
457           	2.130562e-05	8.449855e-05	1.062646e-04	7.967388e-06
458           	2.116203e-05	8.365909e-05	1.048643e-04	7.897494e-06
459           	2.101454e-05	8.295532e-05	1.036238e-04	7.887070e-06
460           	2.089600e-05	8.178923e-05	1.016790e-04	7.779088e-06
461           	2.075661e-05	8.065871e-05	9.990036e-05	7.683202e-06
462           	2.061131e-05	8.024107e-05	9.890218e-05	7.602339e-06
463           	2.047592e-05	8.016730e-05	9.844278e-05	7.566948e-06
464           	2.034930e-05	7.959870e-05	9.762779e-05	7.508468e-06
465           	2.022044e-05	7.886363e-05	9.644732e-05	7.462967e-06
466           	2.008153e-05	7.826715e-05	9.526801e-05	7.385725e-06
467           	1.994019e-05	7.789404e-05	9.429823e-05	7.352999e-06
468           	1.980903e-05	7.751436e-05	9.347823e-05	7.299650e-06
469           	1.968362e-05	7.693156e-05	9.258068e-05	7.257716e-06
470           	1.955838e-05	7.624959e-05	9.160739e-05	7.182329e-06
471           	1.942248e-05	7.580821e-05	9.080100e-05	7.134642e-06
472           	1.928518e-05	7.542398e-05	9.010065e-05	7.062149e-06
473           	1.915521e-05	7.495936e-05	8.934962e-05	7.013311e-06
474           	1.902856e-05	7.432972e-05	8.845875e-05	6.944390e-06
475           	1.890111e-05	7.370381e-05	8.755231e-05	6.904802e-06
476           	1.876757e-05	7.321598e-05	8.682172e-05	6.842892e-06
477           	1.863179e-05	7.280177e-05	8.620305e-05	6.814728e-06
478           	1.850255e-05	7.226078e-05	8.552102e-05	6.755175e-06
479           	1.837304e-05	7.165892e-05	8.476724e-05	6.717252e-06
480           	1.824509e-05	7.107836e-05	8.404302e-05	6.654704e-06
481           	1.811511e-05	7.061305e-05	8.341760e-05	6.605212e-06
482           	1.798190e-05	7.009852e-05	8.279727e-05	6.541596e-06
483           	1.784876e-05	6.956476e-05	8.215302e-05	6.491368e-06
484           	1.772056e-05	6.900135e-05	8.150333e-05	6.425112e-06
485           	1.758968e-05	6.849383e-05	8.090680e-05	6.380856e-06
486           	1.746163e-05	6.797874e-05	8.035638e-05	6.319542e-06
487           	1.733575e-05	6.747719e-05	7.981943e-05	6.283006e-06
488           	1.720863e-05	6.695589e-05	7.925872e-05	6.231030e-06
489           	1.708310e-05	6.647610e-05	7.874337e-05	6.200503e-06
490           	1.696174e-05	6.598300e-05	7.824398e-05	6.157331e-06
491           	1.683735e-05	6.551178e-05	7.776089e-05	6.126048e-06
492           	1.671488e-05	6.503740e-05	7.728298e-05	6.082842e-06
493           	1.659558e-05	6.458526e-05	7.683176e-05	6.055204e-06
494           	1.647435e-05	6.411655e-05	7.637091e-05	6.007985e-06
495           	1.635483e-05	6.367018e-05	7.592024e-05	5.985700e-06
496           	1.623791e-05	6.321075e-05	7.546125e-05	5.934468e-06
497           	1.611810e-05	6.277487e-05	7.501697e-05	5.904262e-06
498           	1.599917e-05	6.233381e-05	7.456869e-05	5.854903e-06
499           	1.588353e-05	6.190971e-05	7.411920e-05	5.813140e-06
500           	1.576624e-05	6.146621e-05	7.365509e-05	5.754266e-06
501           	1.565035e-05	6.104271e-05	7.321425e-05	5.713737e-06
502           	1.553754e-05	6.060625e-05	7.277479e-05	5.658427e-06
503           	1.542126e-05	6.018403e-05	7.234797e-05	5.620221e-06
504           	1.530834e-05	5.975032e-05	7.191624e-05	5.563992e-06
505           	1.519721e-05	5.932008e-05	7.149345e-05	5.537917e-06
506           	1.508383e-05	5.886651e-05	7.104923e-05	5.486586e-06
507           	1.497153e-05	5.841532e-05	7.061687e-05	5.458200e-06
508           	1.486269e-05	5.793820e-05	7.017055e-05	5.417889e-06
509           	1.475061e-05	5.747675e-05	6.974587e-05	5.392992e-06
510           	1.464136e-05	5.701209e-05	6.932815e-05	5.354377e-06
511           	1.453395e-05	5.656107e-05	6.893160e-05	5.332456e-06
512           	1.442417e-05	5.610041e-05	6.851812e-05	5.295171e-06
513           	1.431668e-05	5.563689e-05	6.811299e-05	5.270178e-06
514           	1.421183e-05	5.517708e-05	6.771773e-05	5.242533e-06
515           	1.410315e-05	5.473903e-05	6.733180e-05	5.223565e-06
516           	1.399717e-05	5.430447e-05	6.695502e-05	5.192664e-06
517           	1.389263e-05	5.388418e-05	6.658643e-05	5.176527e-06
518           	1.378555e-05	5.346901e-05	6.617703e-05	5.150871e-06
519           	1.368017e-05	5.306677e-05	6.578924e-05	5.132870e-06
520           	1.357796e-05	5.267309e-05	6.539514e-05	5.108108e-06
521           	1.347225e-05	5.229866e-05	6.500345e-05	5.085279e-06
522           	1.337016e-05	5.191803e-05	6.459995e-05	5.061342e-06
523           	1.326951e-05	5.154765e-05	6.419770e-05	5.048219e-06
524           	1.316670e-05	5.117629e-05	6.378116e-05	5.035547e-06
525           	1.306540e-05	5.081994e-05	6.339855e-05	5.032454e-06
526           	1.296712e-05	5.046950e-05	6.302355e-05	5.018786e-06
527           	1.286564e-05	5.013871e-05	6.264150e-05	5.018421e-06
528           	1.276815e-05	4.980093e-05	6.226300e-05	5.006914e-06
529           	1.267261e-05	4.948208e-05	6.190556e-05	5.001967e-06
530           	1.257424e-05	4.917127e-05	6.153576e-05	4.994595e-06
531           	1.247893e-05	4.887385e-05	6.117316e-05	4.985125e-06
532           	1.238587e-05	4.858338e-05	6.081042e-05	4.974093e-06
533           	1.228911e-05	4.830312e-05	6.044927e-05	5.019155e-06
534           	1.216516e-05	4.856503e-05	6.063780e-05	5.025159e-06
535           	1.206218e-05	4.865906e-05	6.083739e-05	5.007045e-06
536           	1.196221e-05	4.823166e-05	6.035527e-05	4.983308e-06
537           	1.186677e-05	4.772506e-05	5.958718e-05	4.964556e-06
538           	1.177498e-05	4.740922e-05	5.903514e-05	4.948108e-06
539           	1.168004e-05	4.724647e-05	5.882845e-05	4.948316e-06
540           	1.158005e-05	4.709452e-05	5.869463e-05	4.935434e-06
541           	1.149023e-05	4.699762e-05	5.857928e-05	4.963509e-06
542           	1.140464e-05	4.672505e-05	5.818218e-05	4.975922e-06
543           	1.131649e-05	4.644155e-05	5.778152e-05	4.989186e-06
544           	1.123335e-05	4.623981e-05	5.757773e-05	4.990233e-06
545           	1.115252e-05	4.614009e-05	5.751421e-05	4.990266e-06
546           	1.107002e-05	4.602730e-05	5.737751e-05	4.982593e-06
547           	1.099034e-05	4.585389e-05	5.713970e-05	4.978810e-06
548           	1.091014e-05	4.565892e-05	5.687434e-05	4.969985e-06
549           	1.083401e-05	4.550981e-05	5.671301e-05	4.974807e-06
550           	1.075505e-05	4.540788e-05	5.659305e-05	4.971667e-06
551           	1.068063e-05	4.531813e-05	5.643539e-05	4.968614e-06
552           	1.060315e-05	4.518682e-05	5.618808e-05	4.963932e-06
553           	1.052965e-05	4.503634e-05	5.593120e-05	4.956577e-06
554           	1.045596e-05	4.490450e-05	5.572701e-05	4.947184e-06
555           	1.038659e-05	4.480240e-05	5.559898e-05	4.954615e-06
556           	1.031453e-05	4.471013e-05	5.544231e-05	4.946134e-06
557           	1.024468e-05	4.459748e-05	5.522585e-05	4.948543e-06
558           	1.017325e-05	4.445760e-05	5.495545e-05	4.944232e-06
559           	1.010378e-05	4.432632e-05	5.473705e-05	4.946279e-06
560           	1.003868e-05	4.421663e-05	5.458405e-05	4.945174e-06
561           	9.970478e-06	4.412036e-05	5.443658e-05	4.945219e-06
562           	9.905133e-06	4.401492e-05	5.422823e-05	4.938620e-06
563           	9.838390e-06	4.388765e-05	5.398122e-05	4.937674e-06
564           	9.775340e-06	4.375154e-05	5.373927e-05	4.937142e-06
565           	9.711463e-06	4.363362e-05	5.356544e-05	4.940237e-06
566           	9.652770e-06	4.354022e-05	5.340608e-05	4.943725e-06
567           	9.591080e-06	4.345512e-05	5.320625e-05	4.956081e-06
568           	9.531649e-06	4.335080e-05	5.294477e-05	4.958034e-06
569           	9.471043e-06	4.324550e-05	5.267651e-05	4.966971e-06
570           	9.413063e-06	4.314082e-05	5.246571e-05	4.974285e-06
571           	9.358717e-06	4.303780e-05	5.232220e-05	4.977050e-06
572           	9.301478e-06	4.293711e-05	5.217449e-05	4.962073e-06
573           	9.247647e-06	4.284203e-05	5.198284e-05	4.953046e-06
574           	9.189371e-06	4.272387e-05	5.170336e-05	4.938016e-06
575           	9.133965e-06	4.258954e-05	5.141299e-05	4.933606e-06
576           	9.078794e-06	4.246342e-05	5.118370e-05	4.932506e-06
577           	9.026174e-06	4.235322e-05	5.103196e-05	4.935276e-06
578           	8.976809e-06	4.225604e-05	5.086369e-05	4.928794e-06
579           	8.922742e-06	4.215975e-05	5.060447e-05	4.931941e-06
580           	8.870182e-06	4.202138e-05	5.027995e-05	4.928546e-06
581           	8.819294e-06	4.190185e-05	5.000356e-05	4.931164e-06
582           	8.768208e-06	4.180233e-05	4.980211e-05	4.934550e-06
583           	8.720392e-06	4.172186e-05	4.962489e-05	4.933906e-06
584           	8.673559e-06	4.162926e-05	4.938193e-05	4.927519e-06
585           	8.622723e-06	4.149243e-05	4.907424e-05	4.920913e-06
586           	8.573019e-06	4.134462e-05	4.876304e-05	4.920790e-06
587           	8.527714e-06	4.120741e-05	4.850734e-05	4.916880e-06
588           	8.482316e-06	4.107647e-05	4.827595e-05	4.914244e-06
589           	8.438662e-06	4.096245e-05	4.804006e-05	4.918100e-06
590           	8.395116e-06	4.082580e-05	4.775634e-05	4.904659e-06
591           	8.348545e-06	4.066075e-05	4.745476e-05	4.898230e-06
592           	8.304155e-06	4.049734e-05	4.716504e-05	4.892193e-06
593           	8.263193e-06	4.033546e-05	4.691415e-05	4.894347e-06
594           	8.226867e-06	4.018692e-05	4.667308e-05	4.892356e-06
595           	8.185869e-06	4.006731e-05	4.644990e-05	4.888975e-06
596           	8.145726e-06	3.991978e-05	4.619331e-05	4.880582e-06
597           	8.104845e-06	3.977163e-05	4.593979e-05	4.879400e-06
598           	8.067118e-06	3.962570e-05	4.571151e-05	4.878329e-06
599           	8.032805e-06	3.948883e-05	4.550096e-05	4.882479e-06
600           	8.000400e-06	3.936410e-05	4.531472e-05	4.881974e-06
601           	7.967832e-06	3.926456e-05	4.515871e-05	4.879091e-06
602           	7.930829e-06	3.914054e-05	4.497956e-05	4.880776e-06
603           	7.895293e-06	3.901493e-05	4.479771e-05	4.876830e-06
604           	7.863396e-06	3.888285e-05	4.461400e-05	4.878310e-06
605           	7.834778e-06	3.875804e-05	4.443804e-05	4.882625e-06
606           	7.807114e-06	3.865941e-05	4.430023e-05	4.875950e-06
607           	7.777853e-06	3.857924e-05	4.419001e-05	4.869153e-06
608           	7.744716e-06	3.846874e-05	4.405191e-05	4.866996e-06
609           	7.713661e-06	3.834915e-05	4.389497e-05	4.870100e-06
610           	7.686701e-06	3.821267e-05	4.372054e-05	4.877879e-06
611           	7.663374e-06	3.809330e-05	4.355991e-05	4.889384e-06
612           	7.640706e-06	3.801039e-05	4.345817e-05	4.893423e-06
613           	7.614633e-06	3.794665e-05	4.337250e-05	4.890473e-06
614           	7.584913e-06	3.785318e-05	4.324672e-05	4.888516e-06
615           	7.557333e-06	3.776029e-05	4.310119e-05	4.889447e-06
616           	7.533342e-06	3.764859e-05	4.294535e-05	4.888210e-06
617           	7.513128e-06	3.754014e-05	4.278398e-05	4.890721e-06
618           	7.493416e-06	3.746469e-05	4.268965e-05	4.886988e-06
619           	7.469737e-06	3.741502e-05	4.262947e-05	4.884220e-06
620           	7.442836e-06	3.732496e-05	4.251786e-05	4.880300e-06
621           	7.417836e-06	3.724100e-05	4.237988e-05	4.888277e-06
622           	7.396639e-06	3.713878e-05	4.221869e-05	4.893366e-06
623           	7.378978e-06	3.703219e-05	4.205067e-05	4.903773e-06
624           	7.361901e-06	3.695438e-05	4.193961e-05	4.901825e-06
625           	7.340882e-06	3.691562e-05	4.187720e-05	4.894383e-06
626           	7.315331e-06	3.684470e-05	4.178103e-05	4.886016e-06
627           	7.290950e-06	3.676457e-05	4.164450e-05	4.886526e-06
628           	7.269694e-06	3.665974e-05	4.148010e-05	4.887609e-06
629           	7.252143e-06	3.654806e-05	4.129277e-05	4.890159e-06
630           	7.236499e-06	3.645744e-05	4.116623e-05	4.887320e-06
631           	7.217349e-06	3.641983e-05	4.111743e-05	4.886151e-06
632           	7.194641e-06	3.637217e-05	4.106001e-05	4.872447e-06
633           	7.171027e-06	3.630489e-05	4.096347e-05	4.863238e-06
634           	7.150504e-06	3.621389e-05	4.082460e-05	4.858528e-06
635           	7.132970e-06	3.610629e-05	4.064663e-05	4.859053e-06
636           	7.117774e-06	3.601173e-05	4.049795e-05	4.855297e-06
637           	7.100801e-06	3.597573e-05	4.043516e-05	4.849330e-06
638           	7.080029e-06	3.595284e-05	4.040117e-05	4.839178e-06
639           	7.058172e-06	3.591190e-05	4.033715e-05	4.838703e-06
640           	7.038306e-06	3.583870e-05	4.023481e-05	4.839274e-06
641           	7.021577e-06	3.574058e-05	4.008223e-05	4.848683e-06
642           	7.007339e-06	3.563615e-05	3.992641e-05	4.851962e-06
643           	6.992810e-06	3.557369e-05	3.983342e-05	4.851147e-06
644           	6.975278e-06	3.554997e-05	3.980197e-05	4.858198e-06
645           	6.955712e-06	3.552031e-05	3.976746e-05	4.857977e-06
646           	6.936813e-06	3.545745e-05	3.969044e-05	4.859457e-06
647           	6.920176e-06	3.536638e-05	3.956927e-05	4.871695e-06
648           	6.906039e-06	3.525432e-05	3.941580e-05	4.873064e-06
649           	6.892668e-06	3.515623e-05	3.928769e-05	4.883473e-06
650           	6.878396e-06	3.510039e-05	3.922286e-05	4.889018e-06
651           	6.861430e-06	3.507062e-05	3.919229e-05	4.891577e-06
652           	6.843823e-06	3.502224e-05	3.914930e-05	4.893102e-06
653           	6.827167e-06	3.494902e-05	3.907155e-05	4.901985e-06
654           	6.812637e-06	3.485433e-05	3.896033e-05	4.910289e-06
655           	6.799055e-06	3.476300e-05	3.884826e-05	4.922983e-06
656           	6.785419e-06	3.469248e-05	3.877387e-05	4.927579e-06
657           	6.770841e-06	3.464240e-05	3.873890e-05	4.934868e-06
658           	6.755563e-06	3.459517e-05	3.871275e-05	4.938102e-06
659           	6.740034e-06	3.453555e-05	3.866839e-05	4.952125e-06
660           	6.725522e-06	3.446048e-05	3.859628e-05	4.963364e-06
661           	6.711805e-06	3.437581e-05	3.850644e-05	4.973410e-06
662           	6.698797e-06	3.429802e-05	3.842725e-05	4.981593e-06
663           	6.685209e-06	3.423650e-05	3.836652e-05	4.988722e-06
664           	6.671390e-06	3.418334e-05	3.832458e-05	4.995637e-06
665           	6.657122e-06	3.412902e-05	3.828692e-05	5.004546e-06
666           	6.643297e-06	3.406271e-05	3.824616e-05	5.009050e-06
667           	6.629422e-06	3.399253e-05	3.818729e-05	5.019233e-06
668           	6.616397e-06	3.392785e-05	3.812484e-05	5.021465e-06
669           	6.602826e-06	3.386697e-05	3.806308e-05	5.028204e-06
670           	6.589413e-06	3.381381e-05	3.802051e-05	5.029935e-06
671           	6.574966e-06	3.376421e-05	3.797990e-05	5.034572e-06
672           	6.560910e-06	3.371052e-05	3.794926e-05	5.026699e-06
673           	6.546390e-06	3.365188e-05	3.790845e-05	5.031289e-06
674           	6.532994e-06	3.359365e-05	3.786924e-05	5.027172e-06
675           	6.518751e-06	3.353748e-05	3.781641e-05	5.027995e-06
676           	6.505580e-06	3.348341e-05	3.777139e-05	5.022697e-06
677           	6.491449e-06	3.343198e-05	3.771522e-05	5.024493e-06
678           	6.477703e-06	3.338091e-05	3.767260e-05	5.015243e-06
679           	6.463226e-06	3.333006e-05	3.762759e-05	5.021406e-06
680           	6.449765e-06	3.328243e-05	3.759204e-05	5.016935e-06
681           	6.435029e-06	3.323648e-05	3.756296e-05	5.011350e-06
682           	6.421388e-06	3.319488e-05	3.751749e-05	4.999689e-06
683           	6.407332e-06	3.315102e-05	3.745901e-05	5.000774e-06
684           	6.393942e-06	3.311677e-05	3.741631e-05	4.989775e-06
685           	6.379864e-06	3.307717e-05	3.737467e-05	4.986103e-06
686           	6.366679e-06	3.304360e-05	3.733763e-05	4.978134e-06
687           	6.352816e-06	3.300180e-05	3.728095e-05	4.979584e-06
688           	6.340121e-06	3.295908e-05	3.723313e-05	4.971296e-06
689           	6.326857e-06	3.291033e-05	3.717104e-05	4.972627e-06
690           	6.314727e-06	3.286697e-05	3.712391e-05	4.970220e-06
691           	6.301304e-06	3.282949e-05	3.706817e-05	4.975149e-06
692           	6.288783e-06	3.279706e-05	3.702627e-05	4.968499e-06
693           	6.275246e-06	3.274979e-05	3.696778e-05	4.966545e-06
694           	6.262721e-06	3.270087e-05	3.691715e-05	4.960267e-06
695           	6.249518e-06	3.264958e-05	3.685631e-05	4.961034e-06
696           	6.237363e-06	3.260002e-05	3.679627e-05	4.949921e-06
697           	6.224432e-06	3.255606e-05	3.673105e-05	4.950262e-06
698           	6.212864e-06	3.251719e-05	3.667466e-05	4.943189e-06
699           	6.200269e-06	3.247624e-05	3.661195e-05	4.946252e-06
700           	6.188700e-06	3.242770e-05	3.655890e-05	4.938625e-06
701           	6.176366e-06	3.237987e-05	3.649244e-05	4.933210e-06
702           	6.165490e-06	3.234122e-05	3.643584e-05	4.926074e-06
703           	6.153847e-06	3.229703e-05	3.635959e-05	4.927462e-06
704           	6.143518e-06	3.225883e-05	3.629573e-05	4.923962e-06
705           	6.132205e-06	3.222158e-05	3.622595e-05	4.928341e-06
706           	6.121937e-06	3.218532e-05	3.616879e-05	4.922233e-06
707           	6.110852e-06	3.214347e-05	3.609850e-05	4.927334e-06
708           	6.100614e-06	3.209946e-05	3.602899e-05	4.925426e-06
709           	6.089705e-06	3.204776e-05	3.595443e-05	4.928927e-06
710           	6.079453e-06	3.200201e-05	3.589551e-05	4.932794e-06
711           	6.068845e-06	3.195207e-05	3.583598e-05	4.931447e-06
712           	6.059232e-06	3.190704e-05	3.578224e-05	4.927862e-06
713           	6.049319e-06	3.186025e-05	3.572270e-05	4.936272e-06
714           	6.040559e-06	3.182052e-05	3.567375e-05	4.931018e-06
715           	6.031457e-06	3.177320e-05	3.561933e-05	4.942088e-06
716           	6.023365e-06	3.173440e-05	3.558165e-05	4.941699e-06
717           	6.014757e-06	3.169523e-05	3.552843e-05	4.947697e-06
718           	6.006943e-06	3.166204e-05	3.549548e-05	4.946396e-06
719           	5.998738e-06	3.163571e-05	3.545774e-05	4.955650e-06
720           	5.991729e-06	3.161904e-05	3.543565e-05	4.957813e-06
721           	5.984333e-06	3.158188e-05	3.540714e-05	4.962598e-06
722           	5.977983e-06	3.155064e-05	3.538413e-05	4.960812e-06
723           	5.971211e-06	3.152488e-05	3.536055e-05	4.974538e-06
724           	5.965215e-06	3.149922e-05	3.534574e-05	4.975608e-06
725           	5.958752e-06	3.147273e-05	3.532408e-05	4.990958e-06
726           	5.953270e-06	3.144868e-05	3.530965e-05	4.989801e-06
727           	5.947294e-06	3.142022e-05	3.529035e-05	4.999823e-06
728           	5.942515e-06	3.139528e-05	3.528448e-05	5.010829e-06
729           	5.937258e-06	3.137501e-05	3.526949e-05	5.023161e-06
730           	5.933079e-06	3.135418e-05	3.526436e-05	5.029152e-06
731           	5.928563e-06	3.133590e-05	3.524968e-05	5.051500e-06
732           	5.924343e-06	3.132005e-05	3.524695e-05	5.068567e-06
733           	5.919839e-06	3.130442e-05	3.523440e-05	5.087548e-06
734           	5.916279e-06	3.130039e-05	3.522203e-05	5.100506e-06
735           	5.911745e-06	3.129841e-05	3.519717e-05	5.110653e-06
736           	5.907884e-06	3.129363e-05	3.518157e-05	5.108124e-06
737           	5.903464e-06	3.129421e-05	3.516573e-05	5.121490e-06
738           	5.899984e-06	3.130915e-05	3.517064e-05	5.123312e-06
739           	5.895771e-06	3.133376e-05	3.517175e-05	5.140946e-06
740           	5.892527e-06	3.135106e-05	3.517802e-05	5.146590e-06
741           	5.888788e-06	3.136678e-05	3.517334e-05	5.161285e-06
742           	5.886081e-06	3.137360e-05	3.517251e-05	5.165307e-06
743           	5.881888e-06	3.138397e-05	3.514855e-05	5.180395e-06
744           	5.878086e-06	3.139122e-05	3.513212e-05	5.189865e-06
745           	5.872876e-06	3.139184e-05	3.510203e-05	5.200575e-06
746           	5.868131e-06	3.137994e-05	3.507799e-05	5.207077e-06
747           	5.862668e-06	3.136651e-05	3.504895e-05	5.219696e-06
748           	5.857970e-06	3.134617e-05	3.501544e-05	5.219340e-06
749           	5.852385e-06	3.132620e-05	3.496728e-05	5.221784e-06
750           	5.847431e-06	3.129736e-05	3.491858e-05	5.211579e-06
751           	5.841481e-06	3.127195e-05	3.486662e-05	5.219581e-06
752           	5.836119e-06	3.123771e-05	3.482199e-05	5.200490e-06
753           	5.829823e-06	3.120630e-05	3.476173e-05	5.206523e-06
754           	5.824132e-06	3.117082e-05	3.470563e-05	5.201652e-06
755           	5.817842e-06	3.113550e-05	3.463462e-05	5.202564e-06
756           	5.812474e-06	3.109600e-05	3.458300e-05	5.204106e-06
757           	5.806216e-06	3.106481e-05	3.452548e-05	5.203649e-06
758           	5.800611e-06	3.103493e-05	3.449381e-05	5.205884e-06
759           	5.793716e-06	3.100674e-05	3.443545e-05	5.209623e-06
760           	5.787954e-06	3.097813e-05	3.439189e-05	5.197590e-06
761           	5.781303e-06	3.093536e-05	3.432635e-05	5.203090e-06
762           	5.775467e-06	3.088385e-05	3.427690e-05	5.200348e-06
763           	5.768811e-06	3.083540e-05	3.421112e-05	5.207735e-06
764           	5.763249e-06	3.078033e-05	3.415480e-05	5.200625e-06
765           	5.756708e-06	3.072809e-05	3.409335e-05	5.201224e-06
766           	5.750877e-06	3.066978e-05	3.404611e-05	5.198496e-06
767           	5.744176e-06	3.061419e-05	3.398375e-05	5.196974e-06
768           	5.738341e-06	3.055014e-05	3.393331e-05	5.193634e-06
769           	5.731389e-06	3.049074e-05	3.386678e-05	5.191493e-06
770           	5.725622e-06	3.042655e-05	3.380927e-05	5.187931e-06
771           	5.719002e-06	3.036336e-05	3.373596e-05	5.192862e-06
772           	5.713025e-06	3.029751e-05	3.367449e-05	5.181099e-06
773           	5.705726e-06	3.023653e-05	3.359443e-05	5.182635e-06
774           	5.699180e-06	3.017016e-05	3.352560e-05	5.167811e-06
775           	5.691432e-06	3.010397e-05	3.343225e-05	5.159419e-06
776           	5.683973e-06	3.002814e-05	3.334626e-05	5.142909e-06
777           	5.675363e-06	2.995411e-05	3.324425e-05	5.126381e-06
778           	5.667522e-06	2.987853e-05	3.315141e-05	5.114761e-06
779           	5.658319e-06	2.979864e-05	3.303270e-05	5.100726e-06
780           	5.649803e-06	2.971415e-05	3.292885e-05	5.085190e-06
781           	5.640052e-06	2.963568e-05	3.281466e-05	5.066683e-06
782           	5.631622e-06	2.955295e-05	3.271597e-05	5.051440e-06
783           	5.621440e-06	2.948099e-05	3.260114e-05	5.043405e-06
784           	5.611993e-06	2.940610e-05	3.249934e-05	5.028703e-06
785           	5.601306e-06	2.933199e-05	3.238509e-05	5.024440e-06
786           	5.591735e-06	2.925268e-05	3.228632e-05	5.012718e-06
787           	5.581040e-06	2.919031e-05	3.217791e-05	5.015443e-06
788           	5.571050e-06	2.912196e-05	3.207644e-05	5.001211e-06
789           	5.560136e-06	2.905631e-05	3.196850e-05	4.998294e-06
790           	5.550012e-06	2.897775e-05	3.186874e-05	4.973797e-06
791           	5.538899e-06	2.889961e-05	3.175618e-05	4.963886e-06
792           	5.528526e-06	2.882166e-05	3.165030e-05	4.932991e-06
793           	5.517187e-06	2.875285e-05	3.153862e-05	4.923844e-06
794           	5.506879e-06	2.868065e-05	3.143921e-05	4.900238e-06
795           	5.495829e-06	2.861267e-05	3.133098e-05	4.892773e-06
796           	5.485610e-06	2.853931e-05	3.124152e-05	4.881530e-06
797           	5.474577e-06	2.847088e-05	3.114368e-05	4.861324e-06
798           	5.464345e-06	2.840260e-05	3.104890e-05	4.857981e-06
799           	5.453449e-06	2.834261e-05	3.094561e-05	4.853230e-06
800           	5.443838e-06	2.828165e-05	3.085182e-05	4.846781e-06
801           	5.433503e-06	2.822237e-05	3.075740e-05	4.843866e-06
802           	5.424198e-06	2.816082e-05	3.067837e-05	4.823478e-06
803           	5.414169e-06	2.811285e-05	3.060303e-05	4.816050e-06
804           	5.404929e-06	2.806727e-05	3.053394e-05	4.798009e-06
805           	5.395006e-06	2.802636e-05	3.046299e-05	4.790813e-06
806           	5.386196e-06	2.798163e-05	3.039852e-05	4.777972e-06
807           	5.377041e-06	2.793724e-05	3.033642e-05	4.769536e-06
808           	5.368600e-06	2.789048e-05	3.028240e-05	4.761843e-06
809           	5.359191e-06	2.785052e-05	3.022230e-05	4.760741e-06
810           	5.350799e-06	2.780599e-05	3.016927e-05	4.764634e-06
811           	5.341684e-06	2.776524e-05	3.010678e-05	4.761144e-06
812           	5.333167e-06	2.772230e-05	3.004859e-05	4.756902e-06
813           	5.323963e-06	2.768245e-05	2.998934e-05	4.756082e-06
814           	5.314875e-06	2.763776e-05	2.992943e-05	4.741672e-06
815           	5.304778e-06	2.759558e-05	2.987264e-05	4.739449e-06
816           	5.295238e-06	2.755222e-05	2.981503e-05	4.721955e-06
817           	5.284820e-06	2.750479e-05	2.975762e-05	4.712328e-06
818           	5.275330e-06	2.745509e-05	2.969884e-05	4.698443e-06
819           	5.264654e-06	2.740632e-05	2.963847e-05	4.686200e-06
820           	5.254388e-06	2.735727e-05	2.957682e-05	4.693670e-06
821           	5.243271e-06	2.730833e-05	2.951540e-05	4.675053e-06
822           	5.232501e-06	2.725425e-05	2.945297e-05	4.666541e-06
823           	5.220388e-06	2.720174e-05	2.938062e-05	4.649093e-06
824           	5.209072e-06	2.714074e-05	2.930816e-05	4.636790e-06
825           	5.196651e-06	2.707812e-05	2.923787e-05	4.625540e-06
826           	5.184733e-06	2.701421e-05	2.917189e-05	4.609491e-06
827           	5.171841e-06	2.695140e-05	2.911080e-05	4.597270e-06
828           	5.159579e-06	2.688849e-05	2.905535e-05	4.585680e-06
829           	5.146865e-06	2.682361e-05	2.899052e-05	4.584197e-06
830           	5.135111e-06	2.675402e-05	2.892549e-05	4.571911e-06
831           	5.122631e-06	2.668695e-05	2.885246e-05	4.563746e-06
832           	5.110764e-06	2.662583e-05	2.878478e-05	4.548743e-06
833           	5.097869e-06	2.655872e-05	2.871583e-05	4.543246e-06
834           	5.085948e-06	2.649366e-05	2.864944e-05	4.521832e-06
835           	5.073187e-06	2.642618e-05	2.857227e-05	4.525499e-06
836           	5.058217e-06	2.646582e-05	2.860857e-05	4.511448e-06
837           	5.046844e-06	2.627989e-05	2.842321e-05	4.507128e-06
838           	5.037457e-06	2.613403e-05	2.826060e-05	4.490212e-06
839           	5.021724e-06	2.618239e-05	2.828350e-05	4.485265e-06
840           	5.011737e-06	2.605952e-05	2.811795e-05	4.471380e-06
841           	4.995902e-06	2.610063e-05	2.815178e-05	4.471214e-06
842           	4.987508e-06	2.592219e-05	2.796270e-05	4.448956e-06
843           	4.979415e-06	2.581220e-05	2.783403e-05	4.450190e-06
844           	4.963631e-06	2.588464e-05	2.788782e-05	4.414300e-06
845           	4.952441e-06	2.580797e-05	2.781477e-05	4.415726e-06
846           	4.942626e-06	2.572304e-05	2.771789e-05	4.394322e-06
847           	4.927432e-06	2.575712e-05	2.772802e-05	4.392869e-06
848           	4.919114e-06	2.556754e-05	2.750850e-05	4.376168e-06
849           	4.910391e-06	2.544333e-05	2.735167e-05	4.367063e-06
850           	4.898033e-06	2.551618e-05	2.739959e-05	4.354608e-06
851           	4.887953e-06	2.542335e-05	2.729908e-05	4.334196e-06
852           	4.876271e-06	2.547351e-05	2.734718e-05	4.332454e-06
853           	4.868373e-06	2.526062e-05	2.712253e-05	4.323928e-06
854           	4.857544e-06	2.530391e-05	2.715158e-05	4.307607e-06
855           	4.852417e-06	2.509841e-05	2.689256e-05	4.317243e-06
856           	4.839501e-06	2.517818e-05	2.695978e-05	4.304583e-06
857           	4.835610e-06	2.505996e-05	2.681601e-05	4.309097e-06
858           	4.822554e-06	2.514439e-05	2.689591e-05	4.295303e-06
859           	4.815284e-06	2.500775e-05	2.674984e-05	4.283211e-06
860           	4.802373e-06	2.505337e-05	2.679580e-05	4.266951e-06
861           	4.795713e-06	2.483665e-05	2.654798e-05	4.267987e-06
862           	4.783627e-06	2.488133e-05	2.657793e-05	4.252206e-06
863           	4.770893e-06	2.489137e-05	2.656768e-05	4.236920e-06
864           	4.767577e-06	2.457166e-05	2.619420e-05	4.217863e-06
865           	4.755481e-06	2.462902e-05	2.622520e-05	4.217238e-06
866           	4.744061e-06	2.468000e-05	2.625706e-05	4.200757e-06
867           	4.737230e-06	2.443407e-05	2.596375e-05	4.193847e-06
868           	4.724038e-06	2.451111e-05	2.604541e-05	4.185194e-06
869           	4.710469e-06	2.456171e-05	2.611001e-05	4.172819e-06
870           	4.707613e-06	2.427736e-05	2.580981e-05	4.156495e-06
871           	4.693133e-06	2.434969e-05	2.589261e-05	4.148572e-06
872           	4.679859e-06	2.439120e-05	2.594194e-05	4.117935e-06
